Population	Gene	0	140	240	335	415	505	585	665	745	825	910	1000
BYB1-B01	UBX5	0.0	0.0	0.0	0.94	1.0	1.0	1.0	0.96	1.0	0.99	1.0	1.0
BYB1-B01	CST6	0.0	0.05	0.63	0.97	1.0	1.0	1.0	1.0	1.0	0.99	0.99	1.0
BYB1-B01	NSE5	0.0	0.0	0.0	0.94	1.0	0.99	1.0	1.0	1.0	1.0	1.0	1.0
BYB1-B01	TRS130	0.0	0.07	0.49	0.96	1.0	0.99	1.0	1.0	1.0	1.0	0.99	1.0
BYB1-B01	SFL1	0.0	0.0	0.0	0.9	0.93	0.98	0.95	0.95	0.95	0.94	0.9	0.93
BYB1-C05	VPS15	0.0	0.0	0.0	0.33	0.93	0.94	0.94	0.82	0.8	0.96	0.96	0.98
BYB1-C05	IRA1	0.0	0.02	0.05	0.52	0.89	0.86	0.93	0.81	0.91	0.91	0.93	0.97
BYB1-C05	Intergenic	0.0	0.0	0.0	0.0	0.0	0.0	0.0	0.0	0.0	0.01	0.1	0.2
BYB1-C05	ANP1	0.0	0.0	0.0	0.01	0.03	0.07	0.11	0.12	0.11	0.05	0.03	0.02
BYB1-C05	Intergenic	0.0	0.03	0.0	0.0	0.0	0.0	0.0	0.0	0.01	0.14	0.18	0.34
BYB1-C05	TIR3	0.01	0.0	0.0	0.0	0.0	0.0	0.01	0.01	0.01	0.12	0.29	0.47
BYB1-C05	YJL171C	0.0	0.0	0.0	0.0	0.0	0.01	0.0	0.0	0.01	0.02	0.28	0.46
BYB1-C05	Intergenic	0.0	0.0	0.0	0.05	0.05	0.04	0.08	0.08	0.07	0.04	0.25	0.51
BYB1-C05	YLR177W	0.0	0.0	0.0	0.41	0.77	0.88	0.9	0.77	0.93	0.93	0.95	0.97
BYB1-C05	STE11	0.0	0.0	0.0	0.0	0.04	0.08	0.16	0.21	0.29	0.54	0.41	0.28
BYB1-C05	KEL3	0.0	0.0	0.0	0.0	0.0	0.0	0.0	0.0	0.01	0.01	0.03	0.13
BYB1-C05	Intergenic	0.0	0.0	0.0	0.01	0.0	0.0	0.01	0.0	0.0	0.02	0.12	0.2
BYB1-G07	ROT2	0.0	0.0	0.0	0.09	0.34	0.52	0.47	0.32	0.14	0.05	0.01	0.03
BYB1-G07	DOT6	0.0	0.0	0.01	0.05	0.27	0.29	0.33	0.39	0.7	0.9	0.93	0.99
BYB1-G07	PMD1	0.0	0.0	0.0	0.05	0.44	0.55	0.56	0.31	0.19	0.02	0.13	0.02
BYB1-G07	Intergenic	0.0	0.0	0.01	0.1	0.52	0.58	0.57	0.28	0.24	0.03	0.04	0.04
BYB1-G07	PCT1	0.0	0.0	0.0	0.03	0.31	0.34	0.29	0.56	0.81	0.89	0.96	0.94
BYB1-G07	YUR1	0.0	0.0	0.0	0.02	0.29	0.33	0.39	0.49	0.76	0.87	0.9	0.98
BYB1-G07	Intergenic	0.0	0.0	0.0	0.0	0.0	0.02	0.05	0.15	0.13	0.0	0.0	0.0
BYB1-G07	LTV1	0.0	0.0	0.0	0.0	0.05	0.15	0.07	0.0	0.0	0.0	0.01	0.0
BYB1-G07	SPC3	0.0	0.11	0.33	0.54	0.38	0.23	0.25	0.43	0.75	0.94	0.95	0.93
BYB1-G07	HXT14	0.0	0.0	0.0	0.0	0.0	0.0	0.0	0.07	0.15	0.31	0.52	0.61
BYB1-G07	IPI3	0.0	0.0	0.0	0.0	0.0	0.0	0.0	0.0	0.03	0.2	0.39	0.54
BYB1-G07	Intergenic	0.0	0.0	0.01	0.09	0.36	0.63	0.54	0.26	0.14	0.09	0.01	0.06
BYB1-G07	WHI2	0.0	0.0	0.06	0.29	0.38	0.51	0.41	0.28	0.26	0.13	0.02	0.03
BYB1-G07	WHI2	0.0	0.0	0.0	0.0	0.0	0.0	0.08	0.39	0.75	0.98	0.91	0.96
BYB1-G07	STE4	0.0	0.0	0.0	0.0	0.0	0.0	0.0	0.03	0.11	0.13	0.26	0.54
BYB1-G07	YPR117W	0.0	0.02	0.17	0.33	0.11	0.02	0.05	0.04	0.06	0.0	0.0	0.0
BYB1-G07	Intergenic	0.0	0.0	0.0	0.07	0.05	0.11	0.07	0.06	0.0	0.02	0.0	0.0
BYB1-G07	YPR196W	0.0	0.0	0.0	0.08	0.45	0.56	0.41	0.31	0.18	0.03	0.04	0.06
BYB1-H06	FLC2	0.0	0.0	0.0	0.01	0.0	0.0	0.0	0.06	0.1	0.26	0.47	0.5
BYB1-H06	REB1	0.0	0.0	0.0	0.0	0.0	0.0	0.0	0.0	0.01	0.05	0.17	0.21
BYB1-H06	PER1	0.0	0.0	0.03	0.0	0.02	0.1	0.11	0.04	0.0	0.0	0.0	0.0
BYB1-H06	Intergenic	0.0	0.0	0.0	0.0	0.02	0.02	0.11	0.64	0.91	1.0	0.99	1.0
BYB1-H06	Intergenic	0.0	0.0	0.04	0.12	0.14	0.02	0.04	0.0	0.0	0.0	0.01	0.0
BYB1-H06	Intergenic	0.0	0.0	0.0	0.0	0.05	0.13	0.39	0.82	0.99	1.0	1.0	0.99
BYB1-H06	ALK1	0.0	0.0	0.0	0.0	0.0	0.0	0.0	0.6	0.98	1.0	0.99	1.0
BYB1-H06	GOS1	0.0	0.0	0.0	0.0	0.0	0.0	0.01	0.61	0.96	1.0	0.99	0.99
BYB1-H06	RRP3	0.0	0.0	0.0	0.01	0.0	0.0	0.0	0.12	0.13	0.1	0.04	0.05
BYB1-H06	BAT1	0.0	0.02	0.19	0.17	0.16	0.08	0.03	0.0	0.01	0.02	0.0	0.0
BYB1-H06	YIL055C	0.0	0.0	0.0	0.0	0.0	0.0	0.03	0.69	0.97	0.99	1.0	1.0
BYB1-H06	HXT8	0.01	0.01	0.17	0.36	0.22	0.05	0.03	0.0	0.0	0.0	0.0	0.0
BYB1-H06	Intergenic	0.0	0.02	0.0	0.02	0.14	0.34	0.32	0.89	0.98	1.0	1.0	1.0
BYB1-H06	Intergenic	0.0	0.0	0.0	0.01	0.03	0.09	0.11	0.65	0.99	0.99	1.0	0.99
BYB1-H06	RAX2	0.0	0.01	0.05	0.31	0.33	0.35	0.21	0.04	0.0	0.0	0.0	0.0
BYB1-H06	ZRT2	0.0	0.08	0.36	0.29	0.39	0.59	0.74	0.9	0.99	1.0	0.99	0.99
BYB1-H06	GIS4	0.0	0.0	0.12	0.32	0.45	0.32	0.22	0.06	0.0	0.01	0.0	0.0
BYB1-H06	DLT1	0.0	0.0	0.0	0.01	0.0	0.0	0.0	0.01	0.01	0.09	0.17	0.23
BYB1-H06	GAT2	0.0	0.11	0.35	0.25	0.35	0.42	0.69	0.86	0.89	0.89	0.92	0.85
BYB1-H06	Intergenic	0.0	0.0	0.0	0.05	0.2	0.29	0.1	0.0	0.0	0.0	0.01	0.0
BYB1-H06	YNL165W	0.01	0.0	0.08	0.21	0.32	0.34	0.18	0.05	0.0	0.0	0.0	0.0
BYB1-H06	SFL1	0.01	0.0	0.0	0.03	0.15	0.31	0.46	0.83	1.0	1.0	0.99	1.0
BYB1-H06	GPB1	0.0	0.04	0.3	0.24	0.36	0.64	0.75	0.96	1.0	1.0	1.0	1.0
BYB1-H06	DIG1	0.0	0.0	0.0	0.0	0.0	0.01	0.02	0.62	0.93	0.99	0.99	0.99
BYB1-H10	CNE1	0.0	0.0	0.0	0.0	0.0	0.19	0.39	0.21	0.23	0.17	0.01	0.02
BYB1-H10	GPB2	0.0	0.0	0.0	0.0	0.0	0.17	0.33	0.27	0.26	0.13	0.03	0.0
BYB1-H10	YBL008W-A	0.01	0.0	0.0	0.02	0.01	0.01	0.0	0.0	0.0	0.0	0.02	0.26
BYB1-H10	Intergenic	0.02	0.01	0.0	0.03	0.11	0.19	0.25	0.15	0.06	0.04	0.0	0.0
BYB1-H10	IRA1	0.0	0.0	0.03	0.07	0.11	0.07	0.2	0.27	0.35	0.65	0.73	0.97
BYB1-H10	ROT2	0.0	0.0	0.0	0.0	0.0	0.0	0.0	0.02	0.04	0.08	0.37	0.58
BYB1-H10	IDP1	0.0	0.0	0.0	0.03	0.08	0.02	0.1	0.22	0.29	0.43	0.4	0.25
BYB1-H10	Intergenic	0.0	0.0	0.0	0.01	0.08	0.2	0.36	0.26	0.26	0.07	0.04	0.0
BYB1-H10	TVP15	0.0	0.0	0.0	0.02	0.07	0.15	0.54	0.47	0.29	0.12	0.04	0.02
BYB1-H10	CRF1	0.0	0.0	0.0	0.04	0.08	0.16	0.12	0.14	0.1	0.0	0.05	0.0
BYB1-H10	YDRWTy2-3	0.0	0.0	0.0	0.0	0.0	0.0	0.0	0.1	0.17	0.24	0.34	0.35
BYB1-H10	YDR340W	0.0	0.01	0.0	0.0	0.0	0.0	0.0	0.0	0.03	0.11	0.28	0.5
BYB1-H10	Intergenic	0.0	0.0	0.0	0.0	0.0	0.0	0.0	0.02	0.01	0.14	0.11	0.13
BYB1-H10	Intergenic	0.0	0.0	0.02	0.0	0.01	0.01	0.11	0.22	0.23	0.38	0.39	0.31
BYB1-H10	MIP6	0.0	0.0	0.0	0.05	0.14	0.21	0.26	0.2	0.09	0.03	0.0	0.0
BYB1-H10	YHR033W	0.0	0.0	0.0	0.01	0.0	0.01	0.01	0.02	0.04	0.12	0.31	0.61
BYB1-H10	AXL2	0.0	0.0	0.0	0.0	0.04	0.13	0.05	0.05	0.01	0.0	0.0	0.01
BYB1-H10	LAA1	0.0	0.0	0.0	0.0	0.01	0.02	0.07	0.15	0.35	0.51	0.58	0.22
BYB1-H10	YJL171C	0.0	0.0	0.0	0.0	0.0	0.0	0.0	0.0	0.05	0.14	0.36	0.58
BYB1-H10	ALY2	0.0	0.01	0.0	0.01	0.0	0.01	0.07	0.23	0.27	0.47	0.49	0.13
BYB1-H10	TUL1	0.0	0.0	0.14	0.29	0.37	0.42	0.19	0.23	0.23	0.08	0.13	0.06
BYB1-H10	DCR2	0.0	0.0	0.07	0.13	0.08	0.02	0.02	0.0	0.0	0.0	0.0	0.02
BYB1-H10	MUB1	0.0	0.0	0.0	0.0	0.0	0.0	0.0	0.04	0.06	0.06	0.23	0.56
BYB1-H10	Intergenic	0.0	0.0	0.0	0.0	0.0	0.0	0.0	0.0	0.06	0.12	0.42	0.63
BYB1-H10	KRE5	0.0	0.0	0.02	0.0	0.0	0.02	0.1	0.11	0.28	0.52	0.57	0.2
BYB1-H10	Intergenic	0.06	0.01	0.01	0.02	0.02	0.0	0.01	0.0	0.07	0.11	0.27	0.44
BYB2-E05	Intergenic	0.0	0.0	0.0	0.25	0.39	0.06	0.0	0.0	0.0	0.01	0.03	0.0
BYB2-E05	IRA1	0.0	0.02	0.35	0.36	0.38	0.78	0.87	0.68	0.73	0.71	0.7	0.52
BYB2-E05	IRA1	0.0	0.0	0.07	0.1	0.07	0.03	0.05	0.1	0.29	0.17	0.21	0.31
BYB2-E05	ROT2	0.01	0.0	0.0	0.03	0.18	0.47	0.73	0.73	0.78	0.65	0.65	0.38
BYB2-E05	PCA1	0.0	0.0	0.0	0.0	0.01	0.0	0.05	0.19	0.17	0.16	0.16	0.3
BYB2-E05	Intergenic	0.0	0.01	0.0	0.0	0.03	0.21	0.19	0.08	0.05	0.1	0.04	0.25
BYB2-E05	Intergenic	0.01	0.0	0.0	0.23	0.23	0.03	0.02	0.0	0.0	0.0	0.0	0.0
BYB2-E05	PCL10	0.0	0.0	0.0	0.0	0.0	0.0	0.0	0.04	0.07	0.05	0.28	0.34
BYB2-E05	HSF1	0.01	0.0	0.0	0.01	0.0	0.0	0.0	0.04	0.1	0.16	0.23	0.36
BYB2-E05	TFC4	0.0	0.0	0.01	0.0	0.0	0.0	0.01	0.0	0.0	0.03	0.02	0.11
BYB2-E05	SSZ1	0.0	0.0	0.02	0.3	0.34	0.05	0.0	0.01	0.0	0.0	0.0	0.01
BYB2-E05	HUL4	0.0	0.0	0.0	0.01	0.04	0.15	0.18	0.22	0.04	0.09	0.07	0.03
BYB2-E05	UTR1	0.01	0.0	0.0	0.01	0.0	0.0	0.0	0.02	0.03	0.0	0.13	0.09
BYB2-E05	VPS70	0.0	0.0	0.0	0.01	0.1	0.18	0.26	0.18	0.36	0.38	0.48	0.31
BYB2-E05	YPK1	0.0	0.0	0.0	0.0	0.06	0.12	0.16	0.11	0.27	0.33	0.46	0.35
BYB2-E05	DPS1	0.0	0.0	0.0	0.0	0.0	0.0	0.0	0.04	0.08	0.05	0.26	0.3
BYB2-E05	ACE2	0.0	0.01	0.08	0.25	0.06	0.0	0.0	0.0	0.0	0.0	0.02	0.0
BYB2-E05	ACE2	0.0	0.01	0.0	0.01	0.01	0.0	0.0	0.02	0.04	0.17	0.19	0.15
BYB2-E05	Intergenic	0.0	0.0	0.0	0.0	0.0	0.0	0.0	0.02	0.09	0.15	0.34	0.21
BYB2-E05	PSE1	0.0	0.02	0.34	0.19	0.39	0.7	0.76	0.71	0.78	0.63	0.67	0.47
BYB2-E05	YOL075C	0.0	0.0	0.01	0.22	0.33	0.07	0.0	0.0	0.0	0.0	0.01	0.0
BYB2-E05	Intergenic	0.0	0.02	0.01	0.06	0.02	0.08	0.03	0.13	0.24	0.26	0.16	0.3
BYB2-E05	KRE6	0.0	0.0	0.0	0.0	0.01	0.0	0.09	0.15	0.21	0.15	0.27	0.31
BYB2-F07	IRA1	0.0	0.05	0.63	0.94	0.95	0.98	0.98	0.94	0.95	0.99	1.0	0.99
BYB2-F07	RTN2	0.0	0.0	0.0	0.0	0.0	0.0	0.01	0.09	0.35	0.4	0.62	0.69
BYB2-F07	CDC43	0.0	0.0	0.0	0.0	0.0	0.0	0.01	0.08	0.29	0.59	0.63	0.68
BYB2-F07	CWH41	0.0	0.02	0.4	0.81	0.86	0.92	0.91	0.87	0.85	0.95	0.98	0.93
BYB2-F07	HGH1	0.0	0.0	0.0	0.01	0.01	0.0	0.04	0.11	0.1	0.07	0.04	0.03
BYB2-F07	Intergenic	0.0	0.0	0.0	0.0	0.0	0.0	0.0	0.08	0.43	0.53	0.68	0.62
BYB2-F07	STE11	0.0	0.0	0.0	0.0	0.0	0.0	0.0	0.01	0.0	0.04	0.06	0.19
BYB2-F07	CMP2	0.0	0.02	0.5	0.89	0.8	0.94	0.88	0.96	0.96	0.97	0.99	1.0
BYB2-F07	Intergenic	0.0	0.0	0.0	0.0	0.0	0.0	0.01	0.07	0.44	0.43	0.78	0.76
BYB2-F07	Intergenic	0.0	0.0	0.01	0.0	0.01	0.0	0.0	0.08	0.3	0.41	0.61	0.57
BYB2-F07	SFL1	0.0	0.0	0.01	0.0	0.0	0.01	0.0	0.0	0.0	0.05	0.12	0.2
BYB2-F07	Intergenic	0.02	0.03	0.04	0.1	0.06	0.07	0.13	0.2	0.44	0.47	0.59	0.7
BYB2-F09	IRA1	0.0	0.03	0.44	0.36	0.4	0.86	0.89	0.94	0.94	0.89	0.88	0.68
BYB2-F09	ROT2	0.0	0.0	0.0	0.04	0.21	0.64	0.65	0.72	0.58	0.48	0.58	0.57
BYB2-F09	NOP14	0.0	0.0	0.0	0.04	0.21	0.64	0.75	0.61	0.8	0.58	0.66	0.65
BYB2-F09	KEG1	0.0	0.0	0.14	0.21	0.16	0.07	0.02	0.0	0.0	0.0	0.0	0.0
BYB2-F09	YUR1	0.0	0.0	0.0	0.0	0.0	0.0	0.06	0.06	0.04	0.11	0.14	0.18
BYB2-F09	UFD4	0.0	0.0	0.0	0.0	0.0	0.0	0.0	0.03	0.0	0.09	0.11	0.16
BYB2-F09	PTR2	0.0	0.0	0.0	0.0	0.0	0.0	0.02	0.01	0.02	0.06	0.13	0.19
BYB2-F09	YLR046C	0.0	0.0	0.0	0.0	0.11	0.01	0.0	0.0	0.0	0.0	0.01	0.0
BYB2-F09	YMR259C	0.0	0.0	0.0	0.0	0.0	0.0	0.03	0.04	0.02	0.02	0.06	0.22
BYB2-F09	WHI2	0.0	0.0	0.05	0.05	0.11	0.15	0.03	0.03	0.06	0.09	0.18	0.36
BYB2-F09	UBP2	0.0	0.0	0.0	0.0	0.02	0.14	0.14	0.19	0.14	0.07	0.08	0.05
BYB2-F09	TEA1	0.0	0.0	0.0	0.02	0.13	0.09	0.06	0.03	0.05	0.11	0.22	0.35
BYB2-F09	Intergenic	0.0	0.02	0.0	0.02	0.28	0.77	0.63	0.7	0.65	0.49	0.72	0.55
BYB2-F09	Intergenic	0.0	0.0	0.0	0.01	0.0	0.01	0.0	0.04	0.05	0.11	0.08	0.19
BYB2-F09	HAA1	0.0	0.0	0.0	0.04	0.3	0.73	0.67	0.77	0.68	0.72	0.65	0.63
BYB2-F10	GAL1	0.0	0.03	0.0	0.02	0.21	0.45	0.4	0.44	0.65	0.38	0.15	0.01
BYB2-F10	Intergenic	0.0	0.06	0.06	0.59	0.9	0.95	0.97	0.97	0.99	0.96	0.97	0.96
BYB2-F10	ROT2	0.01	0.01	0.0	0.0	0.0	0.01	0.06	0.26	0.53	0.31	0.12	0.03
BYB2-F10	ROT2	0.0	0.02	0.0	0.17	0.58	0.58	0.58	0.48	0.44	0.59	0.89	0.87
BYB2-F10	Intergenic	0.01	0.02	0.02	0.22	0.52	0.64	0.6	0.4	0.48	0.46	0.88	0.9
BYB2-F10	CSE1	0.0	0.0	0.0	0.01	0.0	0.01	0.0	0.0	0.01	0.24	0.57	0.64
BYB2-F10	MIG1	0.0	0.0	0.0	0.0	0.0	0.0	0.01	0.01	0.03	0.1	0.14	0.21
BYB2-F10	STE12	0.0	0.0	0.0	0.01	0.0	0.0	0.0	0.0	0.0	0.15	0.32	0.48
BYB2-F10	BCY1	0.02	0.05	0.05	0.59	0.98	1.0	1.0	1.0	0.98	1.0	1.0	1.0
BYB2-F10	URB2	0.0	0.0	0.0	0.0	0.0	0.0	0.0	0.0	0.0	0.04	0.1	0.16
BYB2-F10	GAP1	0.0	0.0	0.1	0.18	0.05	0.0	0.0	0.01	0.0	0.0	0.0	0.01
BYB2-F10	PTR2	0.0	0.05	0.09	0.42	0.92	1.0	0.99	1.0	0.99	1.0	1.0	1.0
BYB2-F10	YLR162W	0.03	0.01	0.02	0.07	0.04	0.02	0.04	0.02	0.07	0.22	0.57	0.54
BYB2-F10	Intergenic	0.0	0.01	0.0	0.0	0.0	0.01	0.1	0.29	0.6	0.44	0.16	0.12
BYB2-F10	RNH1	0.0	0.0	0.0	0.01	0.0	0.0	0.0	0.0	0.03	0.13	0.13	0.14
BYB2-F10	MDJ2	0.0	0.01	0.0	0.01	0.01	0.01	0.08	0.14	0.28	0.21	0.15	0.19
BYB2-F10	Intergenic	0.0	0.01	0.0	0.01	0.1	0.27	0.34	0.36	0.65	0.45	0.19	0.03
BYB2-F10	CMK2	0.01	0.0	0.01	0.01	0.0	0.0	0.0	0.0	0.02	0.11	0.32	0.39
BYB2-F10	WHI2	0.0	0.0	0.0	0.0	0.0	0.01	0.0	0.0	0.04	0.27	0.58	0.6
BYB2-F10	ENV9	0.0	0.04	0.1	0.57	0.97	1.0	0.99	1.0	1.0	1.0	1.0	0.99
BYB2-F10	YPL277C	0.0	0.0	0.0	0.0	0.01	0.0	0.15	0.22	0.34	0.27	0.09	0.28
BYB2-F10	CUP9	0.0	0.0	0.0	0.0	0.01	0.01	0.09	0.21	0.31	0.17	0.15	0.31
BYB2-F10	CUP9	0.0	0.02	0.0	0.01	0.26	0.36	0.34	0.45	0.53	0.44	0.19	0.07
BYB2-F10	COX1	0.0	0.05	0.16	0.49	0.91	0.97	0.92	0.94	0.93	1.0	0.95	0.96
BYS1-A04	Intergenic	0.0	0.0	0.05	0.24	0.35	0.45	0.26	0.11	0.0	0.0	0.08	0.0
BYS1-A04	FAT1	0.0	0.0	0.0	0.14	0.25	0.18	0.04	0.04	0.04	0.02	0.03	0.01
BYS1-A04	IRA1	0.0	0.01	0.0	0.01	0.03	0.21	0.63	0.86	0.87	0.97	1.0	1.0
BYS1-A04	ROT2	0.0	0.47	0.6	0.86	0.92	0.99	1.0	1.0	1.0	1.0	1.0	1.0
BYS1-A04	KEG1	0.0	0.19	0.39	0.05	0.01	0.0	0.03	0.0	0.0	0.0	0.0	0.0
BYS1-A04	PAC10	0.0	0.0	0.06	0.42	0.67	0.48	0.09	0.1	0.04	0.06	0.01	0.03
BYS1-A04	MNL1	0.01	0.0	0.0	0.11	0.08	0.17	0.08	0.01	0.0	0.01	0.0	0.0
BYS1-A04	Intergenic	0.0	0.03	0.13	0.35	0.24	0.18	0.04	0.02	0.03	0.01	0.0	0.0
BYS1-A04	FAS1	0.0	0.0	0.0	0.0	0.0	0.0	0.03	0.02	0.04	0.08	0.13	0.11
BYS1-A04	FMP27	0.0	0.19	0.16	0.03	0.01	0.0	0.0	0.0	0.0	0.0	0.01	0.0
BYS1-A04	POL1	0.0	0.0	0.0	0.0	0.01	0.02	0.13	0.14	0.11	0.14	0.16	0.1
BYS1-A04	AHC1	0.01	0.01	0.04	0.3	0.7	0.44	0.12	0.04	0.08	0.01	0.04	0.04
BYS1-A04	STE4	0.01	0.01	0.33	0.73	0.95	0.65	0.32	0.16	0.15	0.04	0.04	0.01
BYS1-A04	Intergenic	0.0	0.0	0.0	0.0	0.06	0.19	0.76	0.69	1.0	0.83	0.91	1.0
BYS1-A07	SNC1	0.01	0.0	0.14	0.95	0.98	1.0	1.0	1.0	1.0	1.0	1.0	0.99
BYS1-A07	Intergenic	0.0	0.0	0.0	0.0	0.0	0.0	0.0	0.0	0.13	0.47	0.55	0.42
BYS1-A07	Intergenic	0.0	0.0	0.0	0.0	0.0	0.0	0.0	0.0	0.15	0.05	0.04	0.04
BYS1-A07	XRN1	0.0	0.0	0.0	0.0	0.12	0.13	0.08	0.05	0.03	0.0	0.01	0.0
BYS1-A07	SCS3	0.0	0.0	0.0	0.0	0.0	0.0	0.0	0.01	0.04	0.02	0.09	0.15
BYS1-A07	AXL2	0.01	0.0	0.09	0.92	0.97	1.0	0.99	1.0	1.0	1.0	1.0	0.99
BYS1-A07	UTH1	0.01	0.0	0.0	0.0	0.0	0.0	0.0	0.0	0.04	0.17	0.12	0.15
BYS1-A07	MLP1	0.0	0.0	0.0	0.0	0.0	0.0	0.0	0.0	0.13	0.38	0.44	0.59
BYS1-A07	Intergenic	0.0	0.07	0.12	0.89	0.99	1.0	1.0	1.0	1.0	1.0	1.0	1.0
BYS1-A07	CTS1	0.0	0.0	0.0	0.07	0.93	1.0	1.0	1.0	1.0	1.0	1.0	0.99
BYS1-A07	STE11	0.0	0.0	0.0	0.0	0.0	0.0	0.0	0.04	0.29	0.68	0.83	0.97
BYS1-A07	VIP1	0.0	0.0	0.0	0.0	0.0	0.0	0.0	0.0	0.0	0.04	0.08	0.13
BYS1-A08	IRA1	0.0	0.0	0.08	0.09	0.13	0.09	0.01	0.01	0.0	0.0	0.03	0.0
BYS1-A08	YDR056C	0.0	0.0	0.01	0.0	0.01	0.01	0.06	0.09	0.06	0.09	0.15	0.06
BYS1-A08	Intergenic	0.0	0.0	0.0	0.0	0.07	0.26	0.34	0.29	0.55	0.65	0.56	0.55
BYS1-A08	STE12	0.0	0.0	0.0	0.04	0.32	0.62	0.9	0.98	0.97	1.0	0.97	0.97
BYS1-A08	ELO1	0.0	0.07	0.66	0.97	1.0	0.99	1.0	1.0	1.0	1.0	0.99	0.99
BYS1-A08	Intergenic	0.0	0.0	0.0	0.0	0.04	0.05	0.06	0.04	0.07	0.03	0.11	0.16
BYS1-A08	Intergenic	0.0	0.0	0.09	0.11	0.16	0.02	0.04	0.02	0.01	0.0	0.0	0.01
BYS1-A08	GAS1	0.0	0.08	0.61	0.99	0.99	1.0	1.0	1.0	1.0	0.99	1.0	1.0
BYS1-A09	CNE1	0.0	0.0	0.0	0.0	0.03	0.1	0.26	0.35	0.65	0.71	1.0	1.0
BYS1-A09	GPB2	0.0	0.0	0.0	0.0	0.0	0.0	0.0	0.04	0.14	0.6	0.87	0.99
BYS1-A09	Intergenic	0.0	0.01	0.01	0.05	0.02	0.14	0.38	0.32	0.64	0.8	0.92	1.0
BYS1-A09	ATG22	0.01	0.0	0.0	0.0	0.0	0.0	0.01	0.05	0.2	0.49	0.88	0.96
BYS1-A09	Intergenic	0.0	0.0	0.0	0.0	0.0	0.07	0.17	0.44	0.36	0.08	0.01	0.0
BYS1-A09	Intergenic	0.0	0.0	0.01	0.04	0.09	0.14	0.08	0.07	0.0	0.0	0.0	0.0
BYS1-A09	Intergenic	0.0	0.0	0.0	0.02	0.0	0.0	0.26	0.45	0.26	0.21	0.01	0.0
BYS1-A09	KRE2	0.0	0.01	0.0	0.0	0.08	0.12	0.0	0.0	0.0	0.0	0.0	0.0
BYS1-A09	Intergenic	0.0	0.01	0.01	0.03	0.01	0.0	0.01	0.02	0.0	0.03	0.06	0.14
BYS1-A09	NSA2	0.0	0.0	0.0	0.0	0.11	0.09	0.01	0.0	0.0	0.0	0.0	0.0
BYS1-A09	DMC1	0.0	0.01	0.0	0.01	0.0	0.03	0.22	0.41	0.39	0.23	0.04	0.0
BYS1-A09	KIP3	0.0	0.0	0.01	0.0	0.0	0.0	0.0	0.0	0.0	0.07	0.03	0.17
BYS1-A09	Intergenic	0.0	0.0	0.0	0.0	0.16	0.09	0.03	0.0	0.0	0.0	0.0	0.0
BYS1-A09	Intergenic	0.0	0.0	0.0	0.0	0.0	0.07	0.16	0.38	0.56	0.76	0.83	0.95
BYS1-A09	Intergenic	0.0	0.0	0.0	0.0	0.09	0.21	0.08	0.02	0.01	0.02	0.0	0.0
BYS1-A09	SAY1	0.0	0.0	0.0	0.0	0.0	0.02	0.09	0.18	0.2	0.16	0.04	0.0
BYS1-A09	Intergenic	0.0	0.0	0.0	0.08	0.18	0.06	0.04	0.0	0.02	0.0	0.0	0.0
BYS1-A09	STE12	0.0	0.01	0.0	0.0	0.13	0.2	0.09	0.0	0.02	0.0	0.01	0.0
BYS1-A09	IRR1	0.0	0.0	0.0	0.0	0.0	0.0	0.01	0.03	0.18	0.52	0.86	0.95
BYS1-A09	Intergenic	0.01	0.01	0.01	0.01	0.02	0.05	0.24	0.38	0.55	0.67	0.83	0.92
BYS1-A09	YUR1	0.0	0.0	0.0	0.0	0.0	0.08	0.22	0.45	0.36	0.1	0.03	0.01
BYS1-A09	ALB1	0.0	0.0	0.01	0.0	0.13	0.14	0.0	0.0	0.0	0.0	0.0	0.0
BYS1-A09	Intergenic	0.0	0.0	0.02	0.01	0.14	0.14	0.13	0.0	0.0	0.0	0.0	0.0
BYS1-A09	MOG1	0.0	0.0	0.0	0.01	0.0	0.0	0.0	0.06	0.15	0.6	0.82	0.96
BYS1-A09	RSF2	0.0	0.0	0.0	0.0	0.0	0.07	0.21	0.49	0.55	0.85	0.94	0.98
BYS1-A09	Intergenic	0.0	0.0	0.0	0.0	0.0	0.0	0.0	0.01	0.0	0.02	0.03	0.13
BYS1-A09	CAB3	0.0	0.0	0.0	0.0	0.0	0.02	0.05	0.2	0.27	0.64	0.91	0.98
BYS1-A09	Intergenic	0.0	0.0	0.01	0.02	0.23	0.1	0.0	0.0	0.0	0.0	0.01	0.0
BYS1-A09	URB1	0.0	0.04	0.03	0.01	0.08	0.09	0.14	0.29	0.42	0.22	0.01	0.0
BYS1-A09	YLR108C	0.0	0.0	0.0	0.02	0.0	0.0	0.01	0.1	0.24	0.73	0.9	0.97
BYS1-A09	Intergenic	0.0	0.0	0.0	0.01	0.0	0.01	0.21	0.57	0.35	0.22	0.01	0.01
BYS1-A09	Intergenic	0.0	0.0	0.0	0.0	0.0	0.03	0.35	0.6	0.38	0.12	0.04	0.01
BYS1-A09	Intergenic	0.0	0.03	0.0	0.01	0.1	0.35	0.27	0.01	0.03	0.0	0.0	0.0
BYS1-A09	PNT1	0.0	0.0	0.0	0.0	0.0	0.0	0.0	0.1	0.15	0.72	0.81	0.96
BYS1-A09	PAC1	0.0	0.01	0.04	0.0	0.16	0.21	0.1	0.06	0.01	0.0	0.0	0.0
BYS1-A09	Intergenic	0.0	0.0	0.0	0.0	0.0	0.03	0.28	0.54	0.26	0.18	0.03	0.0
BYS1-A09	PDE2	0.0	0.0	0.02	0.05	0.14	0.13	0.17	0.0	0.0	0.0	0.0	0.0
BYS1-A09	Intergenic	0.0	0.0	0.0	0.02	0.01	0.04	0.2	0.57	0.41	0.2	0.0	0.0
BYS1-A09	YPR015C	0.0	0.0	0.0	0.01	0.0	0.04	0.31	0.41	0.36	0.16	0.02	0.02
BYS1-A09	Intergenic	0.0	0.0	0.0	0.0	0.0	0.07	0.18	0.51	0.32	0.36	0.06	0.0
BYS1-D03	CNE1	0.0	0.0	0.0	0.02	0.0	0.24	0.68	0.94	0.97	0.98	1.0	1.0
BYS1-D03	Intergenic	0.0	0.0	0.0	0.0	0.04	0.24	0.67	0.96	1.0	1.0	1.0	1.0
BYS1-D03	PGI1	0.0	0.0	0.0	0.01	0.0	0.21	0.71	0.96	0.98	1.0	0.97	0.99
BYS1-D03	YBR225W	0.0	0.0	0.0	0.0	0.1	0.03	0.01	0.0	0.0	0.0	0.0	0.0
BYS1-D03	YCR101C	0.0	0.0	0.0	0.04	0.15	0.33	0.08	0.01	0.0	0.0	0.0	0.0
BYS1-D03	YDR124W	0.01	0.01	0.03	0.04	0.02	0.19	0.18	0.09	0.15	0.18	0.24	0.16
BYS1-D03	EXG2	0.0	0.0	0.0	0.01	0.06	0.18	0.73	0.97	0.99	0.99	0.98	1.0
BYS1-D03	RIB3	0.01	0.0	0.02	0.01	0.0	0.15	0.15	0.1	0.19	0.12	0.15	0.14
BYS1-D03	Intergenic	0.0	0.03	0.02	0.17	0.31	0.22	0.11	0.01	0.01	0.0	0.02	0.0
BYS1-D03	HFM1	0.0	0.0	0.0	0.03	0.0	0.18	0.66	0.97	0.96	0.98	0.99	1.0
BYS1-D03	HFM1	0.0	0.04	0.07	0.06	0.39	0.3	0.1	0.01	0.0	0.0	0.0	0.01
BYS1-D03	MPT5	0.0	0.0	0.0	0.01	0.03	0.18	0.75	0.96	0.99	0.99	0.98	1.0
BYS1-D03	TRA1	0.0	0.0	0.0	0.0	0.0	0.02	0.03	0.05	0.09	0.09	0.18	0.1
BYS1-D03	UTP10	0.0	0.01	0.01	0.01	0.0	0.06	0.09	0.13	0.18	0.13	0.17	0.11
BYS1-D03	YLR063W	0.0	0.0	0.0	0.0	0.05	0.1	0.02	0.0	0.0	0.0	0.01	0.0
BYS1-D03	Intergenic	0.0	0.02	0.05	0.02	0.06	0.27	0.71	0.93	1.0	0.99	1.0	1.0
BYS1-D03	Intergenic	0.0	0.11	0.11	0.04	0.09	0.04	0.01	0.0	0.0	0.0	0.0	0.0
BYS1-D03	Intergenic	0.0	0.0	0.01	0.01	0.0	0.16	0.67	0.88	0.89	0.94	0.97	0.97
BYS1-D03	LEU3	0.0	0.01	0.0	0.02	0.03	0.25	0.59	0.95	1.0	0.99	1.0	0.99
BYS1-D03	YAP1	0.0	0.0	0.0	0.0	0.0	0.0	0.0	0.0	0.01	0.01	0.01	0.29
BYS1-D03	SER1	0.0	0.0	0.0	0.0	0.0	0.0	0.0	0.0	0.0	0.02	0.08	0.22
BYS1-D03	SCP1	0.0	0.02	0.01	0.2	0.24	0.28	0.09	0.0	0.01	0.0	0.01	0.0
BYS1-D03	GPB1	0.0	0.04	0.02	0.16	0.41	0.22	0.08	0.01	0.0	0.01	0.0	0.0
BYS1-D03	Intergenic	0.0	0.0	0.01	0.07	0.19	0.43	0.1	0.04	0.01	0.0	0.01	0.0
BYS1-D03	PDR12	0.0	0.01	0.0	0.02	0.17	0.38	0.09	0.02	0.01	0.0	0.0	0.0
BYS1-D03	Intergenic	0.0	0.0	0.0	0.0	0.02	0.15	0.7	0.94	0.97	1.0	1.0	1.0
BYS1-D03	Intergenic	0.0	0.0	0.0	0.0	0.0	0.0	0.02	0.05	0.08	0.1	0.13	0.07
BYS1-D03	Intergenic	0.0	0.0	0.01	0.02	0.03	0.18	0.68	0.83	0.96	0.93	0.95	0.95
BYS1-D03	Intergenic	0.01	0.01	0.01	0.01	0.0	0.13	0.1	0.13	0.09	0.12	0.12	0.09
BYS1-D07	Intergenic	0.0	0.15	0.15	0.81	0.8	0.77	0.85	0.81	0.85	0.84	0.79	0.56
BYS1-D07	RSA4	0.0	0.0	0.0	0.0	0.0	0.01	0.0	0.05	0.01	0.07	0.09	0.16
BYS1-D07	PMT1	0.0	0.0	0.17	0.6	0.81	0.86	0.8	0.82	0.78	0.79	0.69	0.59
BYS1-D07	SSC2	0.0	0.0	0.16	0.06	0.11	0.21	0.14	0.14	0.16	0.22	0.2	0.35
BYS1-D07	MUS81	0.0	0.0	0.0	0.0	0.02	0.01	0.04	0.04	0.03	0.04	0.14	0.11
BYS1-D07	AFG3	0.0	0.0	0.0	0.0	0.0	0.0	0.0	0.0	0.01	0.0	0.23	0.47
BYS1-D07	CSE1	0.0	0.01	0.0	0.0	0.0	0.0	0.04	0.01	0.06	0.16	0.13	0.07
BYS1-D07	AFT1	0.0	0.0	0.0	0.0	0.0	0.0	0.0	0.0	0.01	0.07	0.16	0.0
BYS1-D07	PPT1	0.0	0.05	0.16	0.63	0.79	0.79	0.82	0.82	0.77	0.75	0.78	0.55
BYS1-D07	FYV8	0.0	0.0	0.22	0.21	0.24	0.27	0.15	0.25	0.22	0.2	0.32	0.44
BYS1-D07	YHR202W	0.0	0.0	0.0	0.01	0.09	0.07	0.13	0.15	0.13	0.2	0.13	0.01
BYS1-D07	FAR1	0.0	0.02	0.14	0.71	0.82	0.78	0.87	0.84	0.8	0.77	0.75	0.59
BYS1-D07	Intergenic	0.01	0.01	0.02	0.02	0.13	0.08	0.03	0.08	0.16	0.15	0.21	0.39
BYS1-D07	TPO5	0.0	0.0	0.13	0.15	0.19	0.15	0.13	0.24	0.16	0.16	0.21	0.36
BYS1-D07	TUL1	0.0	0.0	0.02	0.12	0.12	0.14	0.23	0.23	0.13	0.01	0.03	0.01
BYS1-D07	TVP38	0.01	0.0	0.0	0.04	0.11	0.19	0.2	0.25	0.15	0.02	0.02	0.0
BYS1-D07	Intergenic	0.0	0.01	0.0	0.0	0.01	0.03	0.03	0.04	0.02	0.06	0.05	0.17
BYS1-D07	ACE2	0.0	0.0	0.0	0.0	0.01	0.0	0.0	0.0	0.0	0.0	0.2	0.45
BYS1-D07	HAP1	0.0	0.01	0.16	0.19	0.21	0.2	0.18	0.22	0.19	0.18	0.26	0.38
BYS1-D07	Intergenic	0.0	0.06	0.12	0.63	0.9	0.78	0.8	0.72	0.77	0.78	0.66	0.7
BYS1-D07	Intergenic	0.0	0.0	0.0	0.0	0.0	0.0	0.0	0.0	0.0	0.0	0.19	0.44
BYS1-D07	Intergenic	0.0	0.05	0.17	0.14	0.13	0.2	0.1	0.17	0.23	0.23	0.19	0.39
BYS1-D07	YMR102C	0.0	0.05	0.13	0.16	0.15	0.21	0.23	0.15	0.22	0.21	0.24	0.33
BYS1-D07	Intergenic	0.0	0.0	0.0	0.0	0.02	0.09	0.06	0.03	0.03	0.1	0.2	0.13
BYS1-D07	ACC1	0.0	0.01	0.0	0.0	0.0	0.07	0.09	0.05	0.01	0.13	0.23	0.07
BYS1-D07	VTC3	0.0	0.11	0.18	0.64	0.77	0.89	0.82	0.84	0.73	0.75	0.68	0.52
BYS1-D08	Intergenic	0.0	0.0	0.03	0.06	0.08	0.08	0.11	0.0	0.0	0.0	0.0	0.0
BYS1-D08	Intergenic	0.0	0.0	0.0	0.0	0.0	0.0	0.02	0.13	0.11	0.09	0.38	0.81
BYS1-D08	RXT2	0.0	0.04	0.49	0.99	0.99	1.0	1.0	1.0	1.0	1.0	1.0	1.0
BYS1-D08	MUD1	0.03	0.0	0.03	0.05	0.06	0.06	0.22	0.25	0.48	0.36	0.45	0.75
BYS1-D08	IRA1	0.0	0.0	0.0	0.0	0.0	0.0	0.0	0.0	0.0	0.12	0.4	0.84
BYS1-D08	IRA1	0.0	0.0	0.0	0.0	0.0	0.04	0.03	0.2	0.37	0.41	0.32	0.1
BYS1-D08	GCN2	0.0	0.0	0.02	0.01	0.07	0.04	0.22	0.41	0.46	0.42	0.67	0.86
BYS1-D08	TFB3	0.0	0.0	0.0	0.02	0.03	0.0	0.06	0.15	0.49	0.68	0.19	0.13
BYS1-D08	BRR2	0.0	0.0	0.0	0.0	0.0	0.0	0.04	0.03	0.24	0.38	0.18	0.05
BYS1-D08	Intergenic	0.0	0.0	0.0	0.0	0.0	0.0	0.0	0.0	0.01	0.0	0.09	0.29
BYS1-D08	Intergenic	0.0	0.0	0.09	0.19	0.25	0.29	0.51	0.88	0.94	1.0	1.0	0.95
BYS1-D08	ROG3	0.0	0.0	0.0	0.0	0.0	0.0	0.0	0.02	0.08	0.1	0.14	0.0
BYS1-D08	DSD1	0.0	0.0	0.04	0.03	0.06	0.11	0.06	0.03	0.04	0.0	0.0	0.0
BYS1-D08	MPT5	0.0	0.0	0.0	0.0	0.0	0.05	0.13	0.46	0.57	0.46	0.68	0.98
BYS1-D08	CPD1	0.0	0.0	0.0	0.0	0.0	0.0	0.02	0.1	0.11	0.19	0.39	0.78
BYS1-D08	PXR1	0.0	0.0	0.01	0.0	0.0	0.0	0.02	0.08	0.09	0.11	0.07	0.0
BYS1-D08	YUR1	0.0	0.03	0.48	1.0	1.0	1.0	0.95	1.0	1.0	1.0	1.0	1.0
BYS1-D08	IML2	0.0	0.0	0.0	0.0	0.02	0.01	0.14	0.29	0.47	0.48	0.56	0.88
BYS1-D08	ECM27	0.0	0.0	0.0	0.0	0.0	0.0	0.0	0.0	0.0	0.07	0.29	0.84
BYS1-D08	TOR2	0.0	0.0	0.0	0.0	0.0	0.01	0.0	0.0	0.09	0.11	0.09	0.02
BYS1-D08	Intergenic	0.0	0.0	0.0	0.0	0.01	0.0	0.03	0.26	0.18	0.22	0.45	0.88
BYS1-D08	Intergenic	0.0	0.0	0.0	0.0	0.02	0.0	0.03	0.3	0.46	0.52	0.28	0.1
BYS1-D08	ERB1	0.0	0.0	0.0	0.0	0.0	0.0	0.0	0.0	0.0	0.0	0.36	0.68
BYS1-D08	Intergenic	0.0	0.0	0.0	0.0	0.0	0.0	0.1	0.14	0.16	0.18	0.28	0.91
BYS1-D08	Intergenic	0.0	0.0	0.0	0.0	0.0	0.0	0.09	0.2	0.25	0.22	0.43	0.65
BYS1-D08	Intergenic	0.0	0.0	0.0	0.0	0.03	0.05	0.08	0.43	0.46	0.41	0.71	0.91
BYS1-D08	Intergenic	0.0	0.0	0.0	0.0	0.0	0.0	0.0	0.0	0.0	0.07	0.24	0.73
BYS1-D08	YNL190W	0.0	0.0	0.01	0.0	0.02	0.01	0.12	0.25	0.23	0.56	0.37	0.04
BYS1-D08	RPO31	0.0	0.0	0.07	0.04	0.05	0.04	0.06	0.17	0.37	0.42	0.23	0.04
BYS1-D08	STE4	0.0	0.0	0.0	0.0	0.02	0.03	0.17	0.44	0.59	0.33	0.52	0.91
BYS1-D08	Intergenic	0.0	0.0	0.09	0.08	0.01	0.04	0.11	0.06	0.43	0.43	0.3	0.07
BYS1-D08	Intergenic	0.0	0.03	0.36	0.95	1.0	1.0	1.0	1.0	1.0	0.98	1.0	1.0
BYS1-E03	BOI1	0.01	0.0	0.0	0.0	0.01	0.04	0.12	0.46	0.97	0.99	1.0	1.0
BYS1-E03	Intergenic	0.0	0.01	0.0	0.01	0.0	0.0	0.0	0.01	0.19	0.2	0.14	0.13
BYS1-E03	IRA1	0.0	0.0	0.37	0.71	0.56	0.95	0.98	1.0	0.99	1.0	1.0	1.0
BYS1-E03	CTR86	0.0	0.0	0.01	0.0	0.0	0.0	0.01	0.05	0.19	0.2	0.26	0.49
BYS1-E03	Intergenic	0.01	0.0	0.0	0.0	0.01	0.0	0.01	0.0	0.12	0.05	0.08	0.02
BYS1-E03	TAF12	0.0	0.02	0.0	0.01	0.0	0.0	0.03	0.16	0.12	0.12	0.12	0.22
BYS1-E03	Intergenic	0.0	0.0	0.0	0.0	0.0	0.0	0.0	0.08	0.16	0.39	0.27	0.47
BYS1-E03	SAY1	0.0	0.0	0.0	0.0	0.0	0.02	0.08	0.38	0.96	0.98	1.0	1.0
BYS1-E03	ERG11	0.0	0.0	0.0	0.07	0.37	0.96	1.0	1.0	1.0	1.0	1.0	1.0
BYS1-E03	Intergenic	0.0	0.0	0.18	0.35	0.51	0.95	1.0	1.0	1.0	0.99	1.0	1.0
BYS1-E03	ECM25	0.0	0.01	0.0	0.0	0.2	0.36	0.45	0.53	0.92	1.0	1.0	1.0
BYS1-E03	HOC1	0.0	0.0	0.0	0.24	0.34	0.05	0.01	0.0	0.0	0.0	0.0	0.0
BYS1-E03	RCN1	0.0	0.0	0.0	0.0	0.0	0.0	0.0	0.16	0.27	0.33	0.32	0.17
BYS1-E03	DBR1	0.0	0.0	0.0	0.0	0.26	0.79	0.93	0.95	1.0	1.0	0.99	0.99
BYS1-E03	CUE2	0.0	0.0	0.0	0.0	0.0	0.03	0.1	0.08	0.25	0.45	0.43	0.58
BYS1-E03	Intergenic	0.0	0.0	0.0	0.0	0.0	0.02	0.0	0.09	0.26	0.39	0.32	0.12
BYS1-E03	CSF1	0.0	0.01	0.01	0.0	0.0	0.0	0.03	0.07	0.25	0.4	0.41	0.39
BYS1-E03	ALT1	0.0	0.0	0.0	0.02	0.0	0.0	0.0	0.01	0.08	0.1	0.15	0.25
BYS1-E03	YTA12	0.0	0.0	0.0	0.0	0.0	0.0	0.02	0.11	0.28	0.24	0.3	0.15
BYS1-E03	YMR102C	0.0	0.0	0.01	0.0	0.28	0.79	0.9	0.98	1.0	1.0	0.99	0.98
BYS1-E03	DIA1	0.0	0.0	0.01	0.0	0.0	0.01	0.0	0.05	0.14	0.09	0.04	0.06
BYS1-E03	MRPL10	0.0	0.0	0.45	0.49	0.6	0.97	0.98	1.0	1.0	1.0	1.0	1.0
BYS1-E03	HMI1	0.0	0.0	0.0	0.0	0.23	0.38	0.36	0.62	0.97	1.0	1.0	1.0
BYS1-E03	HAL9	0.0	0.0	0.0	0.0	0.0	0.0	0.0	0.04	0.23	0.22	0.42	0.53
BYS1-E03	AUS1	0.0	0.0	0.0	0.0	0.0	0.0	0.0	0.0	0.04	0.11	0.18	0.25
BYS1-E03	Intergenic	0.0	0.0	0.0	0.0	0.3	0.88	0.9	0.98	1.0	0.99	0.99	1.0
BYS1-E03	Intergenic	0.0	0.0	0.0	0.0	0.04	0.05	0.0	0.15	0.26	0.31	0.15	0.18
BYS1-E03	GAL4	0.0	0.0	0.0	0.01	0.01	0.0	0.0	0.08	0.04	0.1	0.07	0.03
BYS1-E03	NOG1	0.0	0.02	0.15	0.13	0.1	0.0	0.0	0.01	0.0	0.0	0.0	0.0
BYS1-F05	Intergenic	0.0	0.0	0.0	0.0	0.23	0.14	0.22	0.11	0.04	0.0	0.01	0.01
BYS1-F05	Intergenic	0.0	0.0	0.0	0.0	0.0	0.0	0.0	0.01	0.01	0.04	0.06	0.15
BYS1-F05	FEN2	0.0	0.0	0.01	0.13	0.18	0.22	0.22	0.12	0.03	0.01	0.02	0.0
BYS1-F05	CDC39	0.0	0.0	0.01	0.0	0.0	0.0	0.04	0.04	0.06	0.04	0.12	0.04
BYS1-F05	SVF1	0.0	0.0	0.0	0.0	0.0	0.12	0.07	0.06	0.03	0.01	0.02	0.0
BYS1-F05	RPT3	0.0	0.0	0.0	0.0	0.0	0.01	0.0	0.0	0.01	0.06	0.06	0.1
BYS1-F05	ARO80	0.0	0.01	0.0	0.0	0.0	0.0	0.01	0.0	0.01	0.02	0.19	0.25
BYS1-F05	Intergenic	0.0	0.0	0.0	0.0	0.01	0.0	0.03	0.12	0.07	0.05	0.07	0.01
BYS1-F05	Intergenic	0.0	0.01	0.02	0.06	0.14	0.35	0.4	0.81	0.82	0.98	1.0	1.0
BYS1-F05	ACA1	0.0	0.0	0.0	0.0	0.01	0.01	0.12	0.13	0.1	0.11	0.17	0.1
BYS1-F05	PRS2	0.0	0.0	0.0	0.0	0.0	0.0	0.03	0.03	0.05	0.11	0.07	0.07
BYS1-F05	Intergenic	0.0	0.0	0.0	0.01	0.0	0.13	0.12	0.19	0.22	0.26	0.27	0.27
BYS1-F05	NUP57	0.0	0.0	0.0	0.0	0.0	0.01	0.02	0.09	0.11	0.05	0.03	0.05
BYS1-F05	Intergenic	0.0	0.0	0.0	0.0	0.03	0.08	0.13	0.19	0.38	0.28	0.33	0.26
BYS1-F05	FYV8	0.0	0.0	0.0	0.0	0.0	0.01	0.0	0.01	0.0	0.0	0.05	0.12
BYS1-F05	YGR237C	0.0	0.0	0.0	0.01	0.0	0.01	0.03	0.08	0.03	0.07	0.1	0.22
BYS1-F05	DUR3	0.0	0.0	0.0	0.0	0.0	0.0	0.03	0.05	0.06	0.12	0.24	0.29
BYS1-F05	STE12	0.0	0.0	0.02	0.11	0.15	0.12	0.06	0.04	0.0	0.01	0.0	0.01
BYS1-F05	MET18	0.0	0.0	0.0	0.0	0.0	0.0	0.0	0.0	0.0	0.02	0.05	0.1
BYS1-F05	Intergenic	0.0	0.0	0.0	0.0	0.01	0.01	0.04	0.16	0.12	0.09	0.07	0.09
BYS1-F05	SLM1	0.0	0.0	0.02	0.15	0.16	0.15	0.03	0.0	0.01	0.01	0.0	0.0
BYS1-F05	MSL1	0.0	0.42	0.96	1.0	1.0	1.0	1.0	1.0	1.0	1.0	0.99	1.0
BYS1-F05	Intergenic	0.0	0.0	0.0	0.0	0.0	0.0	0.01	0.01	0.05	0.12	0.11	0.04
BYS1-F05	URA2	0.0	0.01	0.0	0.02	0.02	0.05	0.02	0.11	0.08	0.18	0.18	0.25
BYS1-F05	SET4	0.0	0.0	0.03	0.05	0.18	0.33	0.55	0.7	0.84	0.99	0.98	1.0
BYS1-F05	HAP4	0.0	0.0	0.0	0.0	0.0	0.01	0.04	0.08	0.09	0.08	0.06	0.13
BYS1-F05	TTI1	0.0	0.0	0.11	0.38	0.69	0.53	0.38	0.12	0.09	0.05	0.0	0.0
BYS1-F05	RIC1	0.0	0.02	0.0	0.0	0.0	0.0	0.01	0.01	0.04	0.02	0.15	0.33
BYS1-F05	KIN2	0.0	0.09	0.11	0.06	0.03	0.03	0.0	0.01	0.01	0.01	0.0	0.0
BYS1-F05	YLR177W	0.0	0.0	0.0	0.0	0.0	0.01	0.01	0.06	0.04	0.06	0.14	0.24
BYS1-F05	UTP13	0.0	0.0	0.0	0.0	0.0	0.01	0.0	0.06	0.07	0.11	0.04	0.02
BYS1-F05	SFH1	0.0	0.13	0.29	0.12	0.06	0.0	0.0	0.01	0.0	0.0	0.0	0.0
BYS1-F05	VID22	0.0	0.0	0.1	0.36	0.66	0.54	0.38	0.16	0.08	0.02	0.03	0.0
BYS1-F05	NAM7	0.01	0.0	0.0	0.0	0.0	0.0	0.03	0.05	0.03	0.08	0.11	0.05
BYS1-F05	Intergenic	0.0	0.0	0.13	0.49	0.88	0.91	0.98	0.97	0.97	0.99	0.98	1.0
BYS1-F05	Intergenic	0.0	0.0	0.0	0.0	0.02	0.04	0.1	0.14	0.17	0.16	0.19	0.19
BYS1-F05	SKM1	0.0	0.0	0.0	0.0	0.02	0.05	0.08	0.09	0.09	0.1	0.18	0.32
BYS1-F05	CRT10	0.0	0.0	0.0	0.0	0.0	0.02	0.07	0.16	0.11	0.12	0.14	0.27
BYS1-F05	PDR5	0.0	0.4	0.96	1.0	1.0	1.0	0.99	1.0	0.99	1.0	1.0	1.0
BYS1-F05	STE4	0.0	0.01	0.1	0.46	0.87	0.97	0.99	1.0	0.97	1.0	1.0	1.0
BYS1-F05	Intergenic	0.0	0.02	0.01	0.01	0.0	0.02	0.06	0.07	0.05	0.12	0.02	0.02
BYS1-F05	GPB1	0.0	0.0	0.0	0.0	0.0	0.0	0.0	0.0	0.05	0.05	0.17	0.27
BYS1-F05	RPA135	0.0	0.0	0.0	0.0	0.0	0.0	0.01	0.09	0.13	0.09	0.21	0.14
BYS1-G01	GPB2	0.0	0.02	0.15	0.51	0.54	0.33	0.2	0.11	0.18	0.28	0.26	0.42
BYS1-G01	CDC19	0.01	0.04	0.12	0.0	0.0	0.0	0.0	0.0	0.0	0.0	0.0	0.0
BYS1-G01	PMT2	0.01	0.0	0.0	0.01	0.0	0.01	0.01	0.01	0.09	0.29	0.26	0.47
BYS1-G01	ILS1	0.0	0.0	0.0	0.0	0.03	0.06	0.18	0.18	0.12	0.04	0.02	0.0
BYS1-G01	Intergenic	0.0	0.0	0.0	0.02	0.05	0.27	0.22	0.26	0.21	0.1	0.33	0.31
BYS1-G01	Intergenic	0.0	0.0	0.0	0.0	0.0	0.0	0.0	0.0	0.02	0.2	0.2	0.39
BYS1-G01	GIP1	0.0	0.0	0.01	0.14	0.3	0.41	0.64	0.74	0.56	0.53	0.54	0.32
BYS1-G01	YBR139W	0.0	0.0	0.0	0.0	0.0	0.0	0.0	0.0	0.04	0.05	0.06	0.2
BYS1-G01	IRA1	0.0	0.01	0.0	0.02	0.0	0.01	0.0	0.02	0.02	0.29	0.22	0.6
BYS1-G01	ROT2	0.0	0.0	0.01	0.19	0.38	0.54	0.52	0.79	0.67	0.41	0.52	0.38
BYS1-G01	LUC7	0.0	0.0	0.0	0.0	0.0	0.0	0.01	0.01	0.02	0.05	0.18	0.08
BYS1-G01	Intergenic	0.0	0.0	0.01	0.1	0.35	0.51	0.64	0.73	0.74	0.42	0.68	0.38
BYS1-G01	YDR524C-B	0.0	0.04	0.16	0.45	0.51	0.37	0.19	0.05	0.18	0.36	0.31	0.53
BYS1-G01	PMI40	0.0	0.12	0.29	0.24	0.08	0.02	0.0	0.01	0.0	0.0	0.0	0.0
BYS1-G01	KEG1	0.0	0.0	0.0	0.03	0.02	0.03	0.05	0.11	0.15	0.14	0.18	0.06
BYS1-G01	RAD2	0.0	0.0	0.0	0.0	0.01	0.02	0.01	0.01	0.16	0.28	0.26	0.48
BYS1-G01	RPL16A	0.0	0.0	0.0	0.0	0.0	0.0	0.0	0.01	0.0	0.09	0.14	0.09
BYS1-G01	YUR1	0.0	0.0	0.0	0.14	0.23	0.4	0.65	0.7	0.61	0.4	0.48	0.34
BYS1-G01	Intergenic	0.0	0.0	0.01	0.16	0.45	0.53	0.73	0.66	0.66	0.41	0.52	0.4
BYS1-G01	Intergenic	0.0	0.0	0.0	0.0	0.0	0.0	0.0	0.0	0.08	0.26	0.31	0.45
BYS1-G01	MDN1	0.0	0.0	0.0	0.0	0.0	0.11	0.06	0.06	0.09	0.0	0.02	0.01
BYS1-G01	NNT1	0.0	0.0	0.0	0.01	0.03	0.01	0.07	0.02	0.13	0.41	0.26	0.49
BYS1-G01	Intergenic	0.0	0.0	0.0	0.11	0.24	0.51	0.53	0.62	0.67	0.3	0.48	0.41
BYS1-G01	Intergenic	0.0	0.0	0.0	0.0	0.01	0.06	0.11	0.1	0.14	0.11	0.09	0.09
BYS1-G01	Intergenic	0.0	0.0	0.03	0.24	0.33	0.42	0.7	0.76	0.73	0.44	0.55	0.36
BYS1-G01	YNR066C	0.0	0.0	0.01	0.24	0.3	0.6	0.68	0.81	0.61	0.42	0.49	0.33
BYS1-G01	ITR2	0.0	0.0	0.05	0.0	0.01	0.04	0.12	0.14	0.09	0.26	0.24	0.15
BYS1-G01	CIN2	0.0	0.0	0.0	0.01	0.02	0.09	0.13	0.13	0.12	0.09	0.12	0.09
BYS1-G02	SEC18	0.0	0.0	0.0	0.06	0.15	0.17	0.2	0.05	0.02	0.0	0.0	0.0
BYS1-G02	DOA4	0.0	0.0	0.0	0.02	0.05	0.1	0.17	0.72	0.95	0.99	1.0	1.0
BYS1-G02	MSN5	0.0	0.0	0.0	0.0	0.0	0.0	0.01	0.13	0.13	0.21	0.17	0.22
BYS1-G02	Intergenic	0.01	0.0	0.0	0.01	0.01	0.04	0.27	0.77	0.96	1.0	0.99	0.99
BYS1-G02	DOT6	0.0	0.0	0.0	0.0	0.05	0.13	0.13	0.02	0.01	0.0	0.0	0.01
BYS1-G02	ERG1	0.0	0.0	0.0	0.0	0.0	0.01	0.07	0.18	0.24	0.34	0.36	0.39
BYS1-G02	DIE2	0.0	0.0	0.0	0.0	0.01	0.01	0.08	0.27	0.36	0.34	0.44	0.38
BYS1-G02	YIL151C	0.0	0.01	0.0	0.0	0.06	0.13	0.15	0.06	0.0	0.0	0.01	0.0
BYS1-G02	YUR1	0.0	0.0	0.0	0.0	0.0	0.01	0.29	0.82	0.97	1.0	0.99	1.0
BYS1-G02	RPS21B	0.0	0.0	0.02	0.11	0.21	0.38	0.44	0.17	0.03	0.01	0.02	0.0
BYS1-G02	YKL222C	0.0	0.0	0.0	0.0	0.0	0.0	0.0	0.04	0.05	0.12	0.1	0.11
BYS1-G02	Intergenic	0.0	0.0	0.0	0.03	0.0	0.05	0.26	0.88	0.95	1.0	0.99	1.0
BYS1-G02	UBR2	0.0	0.0	0.01	0.1	0.26	0.43	0.42	0.13	0.0	0.0	0.0	0.0
BYS1-G02	STE11	0.0	0.0	0.03	0.04	0.16	0.22	0.15	0.1	0.0	0.0	0.0	0.0
BYS1-G02	Intergenic	0.0	0.02	0.0	0.01	0.03	0.03	0.26	0.85	0.98	1.0	0.99	1.0
BYS1-G02	RAS2	0.0	0.0	0.01	0.09	0.29	0.44	0.32	0.11	0.0	0.0	0.0	0.0
BYS1-G02	RPO31	0.0	0.0	0.02	0.07	0.16	0.42	0.41	0.1	0.01	0.0	0.01	0.0
BYS1-G02	PNO1	0.0	0.0	0.0	0.0	0.0	0.0	0.05	0.25	0.32	0.39	0.3	0.37
BYS1-G02	TIF3	0.0	0.0	0.0	0.0	0.02	0.04	0.15	0.68	0.99	0.95	1.0	1.0
BYS2-A11	Intergenic	0.0	0.0	0.0	0.0	0.0	0.0	0.02	0.24	0.26	0.4	0.39	0.34
BYS2-A11	AIM2	0.0	0.0	0.0	0.0	0.16	0.25	0.31	0.31	0.29	0.24	0.0	0.0
BYS2-A11	DRS2	0.0	0.0	0.01	0.04	0.22	0.26	0.33	0.16	0.09	0.01	0.0	0.0
BYS2-A11	ECM21	0.0	0.01	0.01	0.01	0.0	0.0	0.01	0.0	0.0	0.07	0.26	0.86
BYS2-A11	PTC3	0.0	0.0	0.03	0.2	1.0	0.95	0.99	1.0	1.0	1.0	0.98	1.0
BYS2-A11	Intergenic	0.0	0.0	0.01	0.01	0.01	0.02	0.02	0.01	0.07	0.11	0.04	0.02
BYS2-A11	REI1	0.0	0.0	0.0	0.03	0.13	0.56	0.36	0.08	0.0	0.0	0.0	0.01
BYS2-A11	Intergenic	0.0	0.0	0.0	0.0	0.08	0.11	0.22	0.06	0.0	0.04	0.0	0.0
BYS2-A11	POL3	0.0	0.0	0.0	0.02	0.16	0.59	0.29	0.08	0.0	0.0	0.01	0.0
BYS2-A11	LCB2	0.0	0.0	0.07	0.31	0.97	1.0	1.0	1.0	1.0	1.0	1.0	1.0
BYS2-A11	SED1	0.0	0.0	0.02	0.04	0.19	0.19	0.46	0.1	0.11	0.04	0.01	0.0
BYS2-A11	TAF12	0.0	0.01	0.0	0.0	0.0	0.0	0.0	0.44	0.79	1.0	1.0	1.0
BYS2-A11	CDC37	0.0	0.0	0.0	0.0	0.0	0.0	0.0	0.0	0.24	0.32	0.37	0.77
BYS2-A11	Intergenic	0.0	0.0	0.06	0.24	0.98	1.0	1.0	0.99	1.0	1.0	1.0	1.0
BYS2-A11	Intergenic	0.0	0.11	0.07	0.07	0.0	0.0	0.0	0.0	0.0	0.0	0.0	0.0
BYS2-A11	FAR7	0.0	0.0	0.0	0.0	0.0	0.29	0.22	0.02	0.0	0.0	0.01	0.0
BYS2-A11	Intergenic	0.01	0.03	0.0	0.0	0.0	0.0	0.0	0.1	0.45	0.27	0.12	0.05
BYS2-A11	YHR033W	0.0	0.02	0.08	0.26	1.0	0.99	0.99	0.99	1.0	0.99	1.0	0.99
BYS2-A11	Intergenic	0.0	0.1	0.13	0.14	0.0	0.0	0.0	0.0	0.0	0.0	0.0	0.0
BYS2-A11	HXT5	0.0	0.0	0.0	0.0	0.0	0.0	0.0	0.29	0.35	0.59	0.8	0.95
BYS2-A11	Intergenic	0.0	0.0	0.01	0.0	0.0	0.0	0.0	0.0	0.0	0.0	0.1	0.71
BYS2-A11	ASK1	0.01	0.0	0.01	0.01	0.05	0.01	0.13	0.1	0.05	0.03	0.0	0.0
BYS2-A11	NUP133	0.01	0.0	0.0	0.01	0.21	0.01	0.04	0.49	0.85	0.99	1.0	0.99
BYS2-A11	ACE2	0.0	0.94	0.91	1.0	1.0	1.0	1.0	1.0	0.97	1.0	1.0	1.0
BYS2-A11	YLR253W	0.0	0.0	0.0	0.1	0.24	0.03	0.17	0.54	0.94	0.99	0.99	1.0
BYS2-A11	RPS1A	0.0	0.0	0.01	0.0	0.0	0.01	0.0	0.0	0.0	0.16	0.08	0.0
BYS2-A11	NDC1	0.0	0.0	0.0	0.0	0.0	0.01	0.0	0.0	0.0	0.06	0.35	0.0
BYS2-A11	IRA2	0.0	0.0	0.04	0.23	1.0	1.0	1.0	1.0	1.0	1.0	1.0	1.0
BYS2-A11	MKK1	0.0	0.0	0.0	0.0	0.0	0.0	0.05	0.53	0.79	0.93	1.0	1.0
BYS2-A11	YTA6	0.0	0.01	0.11	0.22	0.0	0.0	0.0	0.0	0.0	0.0	0.0	0.0
BYS2-B09	ACS1	0.0	0.0	0.0	0.03	0.06	0.03	0.15	0.14	0.0	0.0	0.0	0.0
BYS2-B09	Intergenic	0.0	0.01	0.0	0.0	0.11	0.22	0.18	0.08	0.06	0.0	0.0	0.0
BYS2-B09	PMT1	0.0	0.0	0.0	0.0	0.0	0.0	0.06	0.61	0.58	0.99	0.91	1.0
BYS2-B09	Intergenic	0.0	0.0	0.0	0.0	0.0	0.05	0.07	0.48	0.58	1.0	1.0	1.0
BYS2-B09	Intergenic	0.0	0.01	0.0	0.0	0.0	0.0	0.09	0.2	0.0	0.0	0.0	0.01
BYS2-B09	ANP1	0.0	0.0	0.0	0.0	0.02	0.0	0.13	0.54	0.49	1.0	0.92	1.0
BYS2-B09	Intergenic	0.0	0.0	0.0	0.02	0.08	0.05	0.25	0.77	0.76	1.0	0.97	1.0
BYS2-B09	YPT1	0.0	0.0	0.0	0.0	0.02	0.13	0.15	0.02	0.03	0.0	0.02	0.0
BYS2-B09	Intergenic	0.0	0.0	0.0	0.01	0.01	0.0	0.0	0.0	0.01	0.0	0.03	0.1
BYS2-B09	Intergenic	0.0	0.01	0.0	0.0	0.0	0.0	0.12	0.25	0.0	0.0	0.0	0.0
BYS2-B09	CCT2	0.0	0.0	0.0	0.0	0.0	0.0	0.0	0.0	0.0	0.03	0.07	0.16
BYS2-B09	OPT1	0.0	0.0	0.0	0.0	0.0	0.0	0.03	0.38	0.36	0.69	0.65	0.51
BYS2-B09	Intergenic	0.0	0.01	0.0	0.0	0.0	0.01	0.02	0.17	0.06	0.33	0.13	0.33
BYS2-B09	BCK1	0.01	0.01	0.01	0.0	0.0	0.0	0.0	0.0	0.0	0.0	0.08	0.31
BYS2-B09	Intergenic	0.01	0.02	0.04	0.24	0.06	0.04	0.01	0.0	0.01	0.0	0.0	0.01
BYS2-B09	HSL1	0.0	0.0	0.06	0.18	0.71	0.88	0.95	1.0	0.82	0.99	1.0	0.98
BYS2-B09	Intergenic	0.0	0.0	0.0	0.0	0.0	0.16	0.08	0.06	0.03	0.01	0.0	0.0
BYS2-B09	YEH1	0.0	0.01	0.0	0.0	0.0	0.0	0.0	0.07	0.04	0.27	0.09	0.1
BYS2-B09	DRS1	0.0	0.0	0.0	0.16	0.06	0.13	0.07	0.0	0.01	0.0	0.0	0.0
BYS2-B09	ATP10	0.0	0.01	0.0	0.0	0.05	0.06	0.23	0.73	0.88	1.0	1.0	0.98
BYS2-B09	SKI2	0.01	0.0	0.0	0.0	0.0	0.01	0.0	0.0	0.03	0.06	0.06	0.13
BYS2-B09	Intergenic	0.0	0.01	0.01	0.04	0.04	0.02	0.19	0.71	0.84	1.0	0.99	0.99
BYS2-B09	STO1	0.0	0.0	0.0	0.01	0.0	0.0	0.0	0.0	0.0	0.0	0.01	0.14
BYS2-B09	RPT5	0.0	0.0	0.0	0.01	0.06	0.02	0.15	0.53	0.38	1.0	0.89	0.99
BYS2-B09	Intergenic	0.01	0.0	0.0	0.0	0.01	0.01	0.0	0.16	0.17	0.15	0.24	0.29
BYS2-B09	Intergenic	0.0	0.0	0.0	0.01	0.0	0.05	0.02	0.14	0.24	0.0	0.0	0.0
BYS2-B09	HFI1	0.0	0.0	0.0	0.01	0.05	0.1	0.07	0.0	0.0	0.0	0.0	0.0
BYS2-B09	DBF20	0.01	0.0	0.0	0.01	0.0	0.0	0.0	0.07	0.02	0.07	0.07	0.26
BYS2-B09	Intergenic	0.0	0.0	0.0	0.0	0.0	0.0	0.0	0.36	0.33	0.77	0.75	0.51
BYS2-C01	YAT1	0.0	0.05	0.04	0.79	0.75	0.93	0.97	1.0	1.0	1.0	1.0	1.0
BYS2-C01	Intergenic	0.01	0.0	0.0	0.0	0.0	0.0	0.0	0.0	0.0	0.0	0.02	0.14
BYS2-C01	SYP1	0.0	0.01	0.01	0.0	0.0	0.0	0.0	0.03	0.07	0.14	0.49	0.76
BYS2-C01	TAF2	0.0	0.0	0.0	0.0	0.0	0.0	0.0	0.03	0.03	0.16	0.42	0.76
BYS2-C01	Intergenic	0.0	0.03	0.01	0.0	0.0	0.0	0.0	0.04	0.17	0.0	0.0	0.0
BYS2-C01	FIN1	0.0	0.0	0.01	0.0	0.0	0.0	0.0	0.09	0.05	0.12	0.64	0.85
BYS2-C01	AHA1	0.0	0.0	0.0	0.0	0.0	0.0	0.0	0.04	0.06	0.27	0.38	0.69
BYS2-C01	Intergenic	0.0	0.0	0.0	0.0	0.0	0.0	0.0	0.0	0.0	0.12	0.52	0.75
BYS2-C01	Intergenic	0.0	0.0	0.01	0.0	0.0	0.0	0.0	0.0	0.0	0.03	0.12	0.04
BYS2-C01	YGL114W	0.0	0.0	0.0	0.03	0.02	0.03	0.1	0.2	0.3	0.14	0.18	0.0
BYS2-C01	RRD1	0.0	0.0	0.05	0.78	0.86	0.98	1.0	1.0	1.0	0.99	1.0	1.0
BYS2-C01	Intergenic	0.0	0.0	0.0	0.0	0.0	0.0	0.15	0.14	0.05	0.06	0.02	0.05
BYS2-C01	KRE9	0.0	0.0	0.03	0.76	0.78	0.96	0.98	0.97	1.0	1.0	1.0	1.0
BYS2-C01	SMC3	0.0	0.0	0.01	0.0	0.03	0.06	0.12	0.06	0.11	0.12	0.0	0.03
BYS2-C01	Intergenic	0.0	0.0	0.0	0.02	0.03	0.02	0.04	0.12	0.12	0.06	0.02	0.0
BYS2-C01	STE11	0.0	0.0	0.0	0.0	0.0	0.0	0.02	0.01	0.05	0.1	0.54	0.77
BYS2-C01	PDR5	0.0	0.0	0.03	0.76	0.7	0.91	1.0	1.0	1.0	1.0	1.0	1.0
BYS2-C01	Intergenic	0.0	0.0	0.03	0.69	0.84	0.93	1.0	0.93	0.95	1.0	1.0	1.0
BYS2-C01	SPS4	0.0	0.0	0.0	0.0	0.0	0.0	0.0	0.02	0.02	0.1	0.22	0.64
BYS2-C01	CIN1	0.0	0.01	0.0	0.0	0.0	0.0	0.0	0.07	0.16	0.02	0.03	0.0
BYS2-C01	Intergenic	0.02	0.02	0.02	0.02	0.01	0.03	0.03	0.04	0.05	0.16	0.5	0.64
BYS2-C03	Intergenic	0.0	0.0	0.01	0.0	0.0	0.0	0.0	0.09	0.08	0.74	0.91	1.0
BYS2-C03	SSA3	0.0	0.0	0.0	0.0	0.0	0.0	0.0	0.03	0.0	0.08	0.16	0.63
BYS2-C03	RAD16	0.0	0.0	0.0	0.0	0.01	0.0	0.01	0.2	0.19	0.77	0.98	0.98
BYS2-C03	Intergenic	0.0	0.0	0.33	0.55	0.57	0.68	0.69	0.52	0.47	0.13	0.0	0.0
BYS2-C03	RNQ1	0.0	0.0	0.11	0.18	0.17	0.15	0.13	0.04	0.08	0.01	0.0	0.0
BYS2-C03	KRS1	0.0	0.0	0.0	0.0	0.0	0.0	0.0	0.21	0.24	0.79	0.98	1.0
BYS2-C03	STE5	0.0	0.0	0.0	0.0	0.0	0.0	0.01	0.19	0.22	0.82	0.96	0.98
BYS2-C03	SCC2	0.0	0.0	0.62	0.98	0.98	0.99	0.99	1.0	1.0	1.0	0.99	0.97
BYS2-C03	CRF1	0.03	0.01	0.06	0.0	0.0	0.03	0.03	0.18	0.27	0.81	0.96	0.98
BYS2-C03	Intergenic	0.0	0.0	0.01	0.03	0.03	0.06	0.14	0.05	0.0	0.0	0.0	0.0
BYS2-C03	YGR130C	0.0	0.0	0.0	0.0	0.01	0.0	0.0	0.02	0.01	0.14	0.27	0.61
BYS2-C03	PFK1	0.0	0.0	0.01	0.0	0.01	0.03	0.02	0.23	0.23	0.82	0.99	1.0
BYS2-C03	MYO1	0.0	0.0	0.0	0.0	0.0	0.0	0.01	0.15	0.12	0.76	0.89	0.97
BYS2-C03	ARP1	0.01	0.0	0.01	0.0	0.04	0.0	0.02	0.13	0.16	0.81	0.95	1.0
BYS2-C03	S1S1	0.0	0.01	0.07	0.25	0.08	0.08	0.09	0.03	0.07	0.03	0.0	0.01
BYS2-C03	Intergenic	0.0	0.0	0.0	0.0	0.0	0.0	0.0	0.01	0.01	0.09	0.34	0.65
BYS2-C03	STE11	0.0	0.0	0.0	0.03	0.06	0.03	0.06	0.09	0.15	0.04	0.0	0.01
BYS2-C03	WAR1	0.0	0.01	0.07	0.12	0.09	0.11	0.06	0.05	0.03	0.0	0.0	0.0
BYS2-C03	SPC2	0.0	0.0	0.0	0.0	0.0	0.0	0.0	0.0	0.0	0.0	0.04	0.65
BYS2-C03	YMR124W	0.0	0.0	0.0	0.0	0.0	0.0	0.0	0.01	0.03	0.11	0.24	0.73
BYS2-C03	YOL162W	0.0	0.03	0.59	1.0	0.99	0.99	0.99	1.0	1.0	1.0	0.99	1.0
BYS2-C03	IRA2	0.0	0.0	0.0	0.0	0.0	0.01	0.0	0.07	0.07	0.73	0.89	0.99
BYS2-C03	Intergenic	0.0	0.0	0.0	0.0	0.0	0.01	0.0	0.1	0.09	0.06	0.0	0.0
BYS2-C03	KRE5	0.0	0.0	0.63	0.99	1.0	1.0	1.0	1.0	1.0	1.0	1.0	1.0
BYS2-C03	Intergenic	0.0	0.0	0.16	0.44	0.53	0.55	0.54	0.61	0.46	0.03	0.02	0.0
BYS2-C03	Intergenic	0.0	0.0	0.0	0.0	0.0	0.0	0.0	0.03	0.1	0.5	0.84	0.94
BYS2-C06	PTA1	0.0	0.0	0.0	0.0	0.0	0.0	0.0	0.01	0.0	0.03	0.09	0.56
BYS2-C06	Intergenic	0.0	0.01	0.21	0.32	0.35	0.22	0.27	0.07	0.09	0.0	0.0	0.0
BYS2-C06	Intergenic	0.0	0.0	0.01	0.1	0.12	0.18	0.05	0.02	0.02	0.0	0.0	0.0
BYS2-C06	RPG1	0.0	0.0	0.08	0.26	0.38	0.55	0.65	0.9	0.91	1.0	0.98	0.99
BYS2-C06	IRA1	0.0	0.0	0.0	0.0	0.0	0.0	0.0	0.0	0.0	0.04	0.09	0.52
BYS2-C06	Intergenic	0.01	0.01	0.08	0.15	0.08	0.03	0.04	0.01	0.01	0.0	0.01	0.0
BYS2-C06	BPL1	0.0	0.0	0.0	0.0	0.0	0.0	0.03	0.02	0.04	0.08	0.13	0.6
BYS2-C06	STE5	0.0	0.01	0.01	0.03	0.06	0.31	0.55	0.9	0.93	0.98	0.99	1.0
BYS2-C06	Intergenic	0.01	0.0	0.0	0.04	0.07	0.31	0.37	0.81	0.85	0.97	0.97	0.99
BYS2-C06	Intergenic	0.0	0.0	0.0	0.0	0.0	0.01	0.0	0.02	0.04	0.06	0.12	0.03
BYS2-C06	Intergenic	0.0	0.0	0.0	0.0	0.0	0.09	0.16	0.34	0.26	0.32	0.2	0.1
BYS2-C06	Intergenic	0.0	0.0	0.01	0.0	0.0	0.01	0.05	0.1	0.07	0.11	0.03	0.03
BYS2-C06	ROG3	0.0	0.0	0.0	0.0	0.0	0.0	0.0	0.0	0.04	0.07	0.14	0.6
BYS2-C06	Intergenic	0.0	0.0	0.0	0.03	0.03	0.33	0.51	0.87	0.92	0.95	0.97	0.98
BYS2-C06	LYS5	0.0	0.0	0.01	0.02	0.03	0.28	0.4	0.89	0.91	0.98	0.97	0.98
BYS2-C06	ERV1	0.0	0.0	0.18	0.29	0.31	0.27	0.21	0.03	0.07	0.01	0.0	0.0
BYS2-C06	SPR3	0.0	0.0	0.0	0.0	0.0	0.04	0.08	0.28	0.38	0.3	0.19	0.09
BYS2-C06	YGR266W	0.0	0.0	0.01	0.12	0.18	0.18	0.06	0.02	0.01	0.0	0.01	0.0
BYS2-C06	Intergenic	0.0	0.0	0.0	0.0	0.0	0.0	0.0	0.02	0.02	0.09	0.11	0.03
BYS2-C06	RIX1	0.01	0.0	0.0	0.0	0.0	0.04	0.04	0.11	0.12	0.13	0.14	0.03
BYS2-C06	Intergenic	0.0	0.0	0.13	0.27	0.23	0.21	0.22	0.06	0.08	0.02	0.0	0.0
BYS2-C06	NUC1	0.0	0.0	0.0	0.0	0.0	0.0	0.0	0.0	0.0	0.05	0.12	0.48
BYS2-C06	Intergenic	0.0	0.01	0.0	0.0	0.01	0.0	0.0	0.07	0.02	0.05	0.12	0.63
BYS2-C06	Intergenic	0.0	0.0	0.0	0.0	0.0	0.02	0.03	0.04	0.1	0.1	0.09	0.11
BYS2-C06	STE6	0.0	0.01	0.01	0.15	0.19	0.26	0.28	0.07	0.1	0.0	0.0	0.0
BYS2-C06	PEX1	0.0	0.0	0.0	0.01	0.02	0.13	0.15	0.34	0.33	0.36	0.2	0.11
BYS2-C06	LAP4	0.0	0.04	0.66	0.99	1.0	1.0	1.0	1.0	1.0	1.0	0.97	0.99
BYS2-C06	FLO10	0.0	0.0	0.0	0.0	0.0	0.0	0.1	0.27	0.31	0.36	0.42	0.43
BYS2-C06	Intergenic	0.0	0.01	0.01	0.0	0.0	0.0	0.0	0.05	0.04	0.1	0.1	0.03
BYS2-C06	MDN1	0.0	0.0	0.0	0.0	0.0	0.03	0.1	0.05	0.02	0.03	0.0	0.0
BYS2-C06	GAS1	0.0	0.04	0.66	0.99	1.0	0.99	1.0	1.0	1.0	1.0	0.98	1.0
BYS2-C06	SUN4	0.0	0.0	0.0	0.01	0.03	0.08	0.25	0.32	0.35	0.35	0.4	0.19
BYS2-C06	SIN3	0.0	0.0	0.0	0.0	0.01	0.0	0.03	0.02	0.05	0.05	0.13	0.04
BYS2-C06	Intergenic	0.0	0.0	0.0	0.0	0.01	0.0	0.01	0.02	0.02	0.06	0.08	0.52
BYS2-C06	NAN1	0.0	0.0	0.0	0.0	0.0	0.0	0.0	0.05	0.04	0.06	0.12	0.02
BYS2-C06	GCR1	0.0	0.01	0.16	0.1	0.05	0.03	0.03	0.0	0.01	0.01	0.0	0.0
BYS2-C06	Intergenic	0.02	0.0	0.18	0.3	0.33	0.18	0.29	0.16	0.03	0.02	0.0	0.0
BYS2-D06	IRA1	0.0	0.0	0.01	0.22	0.09	0.03	0.0	0.0	0.0	0.0	0.01	0.0
BYS2-D06	Intergenic	0.0	0.0	0.0	0.03	0.13	0.1	0.18	0.17	0.09	0.04	0.03	0.0
BYS2-D06	STE5	0.0	0.0	0.0	0.0	0.0	0.0	0.0	0.02	0.03	0.34	0.71	0.98
BYS2-D06	Intergenic	0.0	0.0	0.0	0.0	0.0	0.0	0.0	0.0	0.0	0.03	0.05	0.13
BYS2-D06	Intergenic	0.0	0.0	0.0	0.01	0.02	0.0	0.0	0.04	0.08	0.38	0.66	0.93
BYS2-D06	NHX1	0.0	0.0	0.0	0.19	0.54	0.92	0.99	0.99	1.0	0.97	1.0	1.0
BYS2-D06	Intergenic	0.01	0.0	0.0	0.07	0.62	0.97	0.97	1.0	1.0	1.0	1.0	1.0
BYS2-D06	MCM3	0.0	0.0	0.0	0.0	0.12	0.14	0.23	0.13	0.1	0.02	0.01	0.0
BYS2-D06	ZRG8	0.0	0.0	0.0	0.0	0.0	0.0	0.04	0.33	0.48	0.87	0.95	0.98
BYS2-D06	Intergenic	0.0	0.0	0.0	0.01	0.02	0.0	0.0	0.22	0.35	0.45	0.21	0.03
BYS2-D06	Intergenic	0.01	0.0	0.0	0.0	0.0	0.0	0.0	0.05	0.05	0.18	0.02	0.04
BYS2-D06	GCN1	0.0	0.0	0.0	0.0	0.0	0.0	0.0	0.0	0.0	0.08	0.12	0.19
BYS2-D06	TOM20	0.0	0.0	0.0	0.03	0.48	0.93	0.99	1.0	1.0	1.0	1.0	1.0
BYS2-D06	VOA1	0.0	0.0	0.0	0.08	0.11	0.01	0.0	0.0	0.0	0.0	0.0	0.0
BYS2-D06	Intergenic	0.0	0.0	0.04	0.0	0.19	0.15	0.3	0.15	0.12	0.0	0.01	0.0
BYS2-D06	YIL102C-A	0.0	0.0	0.01	0.15	0.67	0.92	1.0	1.0	1.0	1.0	1.0	1.0
BYS2-D06	VPS35	0.0	0.04	0.06	0.12	0.02	0.0	0.0	0.0	0.01	0.0	0.0	0.0
BYS2-D06	MTC1	0.0	0.01	0.01	0.21	0.15	0.02	0.01	0.0	0.01	0.0	0.0	0.0
BYS2-D06	SSH4	0.0	0.0	0.0	0.0	0.0	0.0	0.0	0.04	0.08	0.39	0.75	0.9
BYS2-D06	SHM2	0.0	0.0	0.0	0.0	0.0	0.0	0.0	0.0	0.01	0.01	0.09	0.11
BYS2-D06	Intergenic	0.0	0.01	0.03	0.16	0.14	0.04	0.01	0.0	0.01	0.0	0.0	0.0
BYS2-D06	Intergenic	0.0	0.0	0.0	0.0	0.0	0.01	0.01	0.04	0.02	0.38	0.73	0.93
BYS2-D06	Intergenic	0.0	0.0	0.0	0.0	0.0	0.01	0.02	0.03	0.03	0.3	0.61	0.98
BYS2-D06	GAS1	0.0	0.0	0.0	0.05	0.54	0.92	1.0	1.0	1.0	1.0	1.0	1.0
BYS2-D06	IRA2	0.0	0.0	0.0	0.0	0.0	0.01	0.01	0.34	0.42	0.85	0.95	1.0
BYS2-D06	AIM39	0.0	0.0	0.0	0.0	0.0	0.0	0.0	0.0	0.01	0.02	0.13	0.18
BYS2-D06	Intergenic	0.0	0.0	0.0	0.0	0.0	0.01	0.02	0.35	0.47	0.84	0.87	0.97
BYS2-D07	ILS1	0.0	0.0	0.0	0.2	0.27	0.3	0.25	0.26	0.42	0.29	0.18	0.01
BYS2-D07	CHS2	0.0	0.0	0.0	0.0	0.01	0.0	0.0	0.0	0.0	0.04	0.11	0.11
BYS2-D07	YER010C	0.0	0.0	0.0	0.0	0.0	0.01	0.0	0.06	0.04	0.09	0.17	0.29
BYS2-D07	Intergenic	0.0	0.0	0.0	0.0	0.0	0.0	0.08	0.2	0.2	0.34	0.44	0.64
BYS2-D07	Intergenic	0.0	0.0	0.01	0.01	0.03	0.03	0.08	0.26	0.2	0.26	0.72	0.87
BYS2-D07	ROG1	0.0	0.0	0.03	0.04	0.03	0.09	0.12	0.28	0.28	0.5	0.81	0.92
BYS2-D07	OKP1	0.0	0.0	0.0	0.0	0.0	0.04	0.02	0.1	0.16	0.15	0.04	0.0
BYS2-D07	Intergenic	0.0	0.0	0.0	0.0	0.0	0.0	0.02	0.03	0.04	0.08	0.17	0.26
BYS2-D07	YUR1	0.0	0.0	0.48	0.97	1.0	1.0	1.0	1.0	0.99	1.0	0.99	1.0
BYS2-D07	SET4	0.03	0.05	0.02	0.03	0.09	0.09	0.11	0.41	0.25	0.5	0.81	0.95
BYS2-D07	PRY3	0.01	0.0	0.0	0.01	0.0	0.0	0.0	0.03	0.04	0.04	0.14	0.23
BYS2-D07	Intergenic	0.0	0.0	0.0	0.01	0.02	0.0	0.03	0.11	0.14	0.04	0.06	0.03
BYS2-D07	MMP1	0.01	0.0	0.17	0.31	0.3	0.23	0.23	0.09	0.06	0.01	0.05	0.0
BYS2-D07	RCK2	0.0	0.01	0.0	0.07	0.31	0.42	0.25	0.27	0.36	0.26	0.12	0.02
BYS2-D07	Intergenic	0.0	0.0	0.0	0.0	0.0	0.0	0.01	0.0	0.02	0.07	0.16	0.23
BYS2-D07	SKI2	0.0	0.0	0.0	0.0	0.0	0.03	0.01	0.14	0.11	0.08	0.04	0.02
BYS2-D07	CAT2	0.0	0.0	0.0	0.0	0.02	0.08	0.11	0.28	0.28	0.5	0.73	0.92
BYS2-D07	YKU80	0.0	0.0	0.03	0.03	0.02	0.01	0.1	0.2	0.29	0.52	0.74	0.92
BYS2-D07	YMR210W	0.0	0.0	0.0	0.0	0.0	0.0	0.0	0.0	0.02	0.07	0.16	0.18
BYS2-D07	DSL1	0.0	0.0	0.01	0.0	0.0	0.04	0.04	0.11	0.11	0.39	0.6	0.86
BYS2-D07	LEU4	0.0	0.0	0.0	0.0	0.0	0.0	0.01	0.03	0.08	0.28	0.59	0.79
BYS2-D07	STE4	0.0	0.01	0.0	0.0	0.0	0.0	0.02	0.08	0.1	0.32	0.57	0.94
BYS2-D07	ISU2	0.0	0.05	0.52	0.97	1.0	0.97	0.99	0.98	0.99	0.99	0.96	1.0
BYS2-D07	Intergenic	0.0	0.01	0.6	0.97	0.97	1.0	1.0	1.0	1.0	0.99	1.0	0.99
BYS2-D07	Intergenic	0.0	0.0	0.23	0.43	0.11	0.0	0.39	0.4	0.45	0.52	0.8	0.93
BYS2-D07	Intergenic	0.03	0.02	0.01	0.02	0.02	0.03	0.12	0.3	0.31	0.49	0.72	0.93
BYS2-E01	Intergenic	0.0	0.01	0.0	0.04	0.08	0.11	0.04	0.08	0.0	0.0	0.0	0.0
BYS2-E01	HSL7	0.0	0.0	0.0	0.0	0.0	0.0	0.0	0.79	0.94	0.98	0.98	1.0
BYS2-E01	Intergenic	0.0	0.0	0.02	0.04	0.15	0.11	0.14	0.06	0.0	0.01	0.0	0.0
BYS2-E01	HIM1	0.0	0.0	0.0	0.04	0.0	0.01	0.01	0.65	0.93	0.97	1.0	1.0
BYS2-E01	Intergenic	0.0	0.0	0.0	0.04	0.03	0.0	0.03	0.71	0.9	0.97	1.0	1.0
BYS2-E01	PMD1	0.0	0.0	0.01	0.05	0.07	0.12	0.04	0.6	0.93	0.91	0.96	1.0
BYS2-E01	STE12	0.0	0.01	0.01	0.27	0.5	0.6	0.47	0.18	0.0	0.0	0.0	0.0
BYS2-E01	KEL1	0.0	0.0	0.0	0.1	0.09	0.13	0.05	0.71	0.91	0.89	0.97	0.97
BYS2-E01	Intergenic	0.01	0.0	0.0	0.02	0.0	0.0	0.0	0.02	0.04	0.1	0.11	0.16
BYS2-E01	Intergenic	0.0	0.0	0.0	0.0	0.0	0.0	0.0	0.68	0.87	0.95	1.0	1.0
BYS2-E01	Intergenic	0.0	0.0	0.01	0.04	0.0	0.03	0.05	0.76	0.97	1.0	1.0	1.0
BYS2-E01	CCW12	0.0	0.0	0.0	0.0	0.0	0.01	0.04	0.73	0.97	0.99	0.99	1.0
BYS2-E01	HAP1	0.0	0.0	0.01	0.06	0.03	0.01	0.03	0.67	0.9	0.95	0.98	0.98
BYS2-E01	Intergenic	0.0	0.0	0.0	0.0	0.0	0.01	0.01	0.8	0.92	0.97	1.0	1.0
BYS2-E01	ESC1	0.0	0.0	0.0	0.0	0.0	0.0	0.0	0.0	0.01	0.01	0.03	0.12
BYS2-E01	CMK2	0.0	0.01	0.0	0.0	0.01	0.0	0.01	0.0	0.09	0.09	0.15	0.19
BYS2-E01	Intergenic	0.0	0.0	0.0	0.0	0.0	0.0	0.0	0.0	0.0	0.01	0.03	0.11
BYS2-E01	IQG1	0.0	0.03	0.05	0.09	0.11	0.07	0.08	0.73	0.89	0.97	0.99	0.97
BYS2-E01	Intergenic	0.0	0.0	0.0	0.12	0.05	0.04	0.05	0.72	0.91	0.96	0.98	0.98
BYS2-E01	Intergenic	0.0	0.0	0.0	0.05	0.05	0.01	0.03	0.63	0.94	0.98	0.97	0.99
BYS2-E03	ALG3	0.0	0.0	0.0	0.05	0.03	0.1	0.06	0.04	0.01	0.02	0.0	0.0
BYS2-E03	FLR1	0.0	0.0	0.0	0.0	0.0	0.0	0.0	0.03	0.04	0.07	0.24	0.4
BYS2-E03	TBS1	0.0	0.0	0.0	0.01	0.03	0.04	0.04	0.04	0.01	0.07	0.14	0.09
BYS2-E03	CDC28	0.0	0.01	0.0	0.0	0.0	0.0	0.0	0.01	0.03	0.06	0.14	0.39
BYS2-E03	Intergenic	0.0	0.0	0.0	0.0	0.01	0.0	0.0	0.01	0.04	0.12	0.1	0.11
BYS2-E03	PWP2	0.0	0.0	0.0	0.0	0.03	0.0	0.01	0.01	0.04	0.05	0.22	0.18
BYS2-E03	YCR061W	0.0	0.0	0.0	0.0	0.0	0.0	0.0	0.0	0.0	0.01	0.01	0.1
BYS2-E03	CDC39	0.0	0.0	0.0	0.0	0.0	0.0	0.0	0.01	0.0	0.0	0.13	0.14
BYS2-E03	YDL186W	0.0	0.0	0.0	0.0	0.0	0.0	0.02	0.01	0.0	0.15	0.18	0.1
BYS2-E03	RPO21	0.0	0.05	0.23	0.64	0.89	1.0	1.0	0.99	1.0	1.0	1.0	1.0
BYS2-E03	Intergenic	0.0	0.02	0.01	0.01	0.01	0.02	0.0	0.0	0.01	0.04	0.05	0.12
BYS2-E03	YDR239C	0.0	0.0	0.0	0.0	0.0	0.0	0.0	0.01	0.01	0.1	0.14	0.12
BYS2-E03	SVF1	0.0	0.0	0.0	0.0	0.0	0.04	0.0	0.0	0.06	0.06	0.18	0.21
BYS2-E03	TOM1	0.0	0.0	0.0	0.0	0.0	0.0	0.0	0.02	0.03	0.1	0.11	0.13
BYS2-E03	CAN1	0.0	0.0	0.0	0.0	0.0	0.0	0.0	0.01	0.04	0.16	0.19	0.45
BYS2-E03	CDC55	0.0	0.0	0.0	0.0	0.05	0.04	0.09	0.15	0.13	0.05	0.0	0.01
BYS2-E03	PAN2	0.0	0.0	0.0	0.0	0.0	0.0	0.0	0.01	0.0	0.07	0.14	0.12
BYS2-E03	Intergenic	0.0	0.0	0.01	0.01	0.02	0.01	0.01	0.03	0.03	0.1	0.17	0.12
BYS2-E03	RAD2	0.0	0.0	0.0	0.0	0.0	0.0	0.02	0.02	0.01	0.1	0.23	0.15
BYS2-E03	STP2	0.0	0.0	0.0	0.03	0.08	0.16	0.14	0.09	0.15	0.09	0.06	0.02
BYS2-E03	ERG11	0.0	0.0	0.0	0.0	0.0	0.0	0.02	0.03	0.04	0.06	0.2	0.22
BYS2-E03	STE12	0.0	0.0	0.06	0.61	0.87	0.93	0.98	0.99	0.98	0.95	1.0	0.98
BYS2-E03	YJL171C	0.0	0.0	0.0	0.0	0.0	0.0	0.01	0.0	0.0	0.01	0.02	0.3
BYS2-E03	PEP8	0.0	0.0	0.02	0.03	0.09	0.09	0.11	0.09	0.04	0.02	0.0	0.0
BYS2-E03	DEF1	0.0	0.0	0.0	0.0	0.0	0.03	0.03	0.18	0.17	0.37	0.46	0.54
BYS2-E03	RGT1	0.0	0.0	0.01	0.0	0.0	0.01	0.01	0.03	0.08	0.08	0.15	0.18
BYS2-E03	MRS4	0.0	0.0	0.0	0.0	0.0	0.2	0.29	0.21	0.21	0.16	0.0	0.0
BYS2-E03	PSR2	0.0	0.0	0.0	0.01	0.11	0.15	0.15	0.1	0.07	0.03	0.01	0.0
BYS2-E03	GAA1	0.0	0.0	0.0	0.0	0.0	0.0	0.0	0.0	0.0	0.03	0.1	0.11
BYS2-E03	CTS1	0.0	0.0	0.0	0.01	0.01	0.0	0.02	0.06	0.03	0.07	0.21	0.15
BYS2-E03	Intergenic	0.0	0.0	0.0	0.0	0.02	0.02	0.0	0.03	0.01	0.1	0.18	0.22
BYS2-E03	TDA9	0.0	0.0	0.0	0.0	0.0	0.01	0.09	0.17	0.18	0.32	0.62	0.68
BYS2-E03	RSE1	0.0	0.0	0.0	0.0	0.0	0.0	0.01	0.05	0.02	0.06	0.19	0.15
BYS2-E03	MOT3	0.01	0.0	0.0	0.0	0.0	0.0	0.0	0.0	0.01	0.1	0.12	0.05
BYS2-E03	UTP15	0.0	0.0	0.02	0.01	0.0	0.02	0.02	0.01	0.03	0.08	0.17	0.19
BYS2-E03	GCV2	0.0	0.0	0.0	0.0	0.0	0.0	0.0	0.09	0.03	0.1	0.19	0.23
BYS2-E03	Intergenic	0.0	0.0	0.0	0.0	0.0	0.0	0.0	0.0	0.02	0.08	0.15	0.17
BYS2-E03	POL2	0.0	0.03	0.13	0.65	0.91	0.98	0.97	1.0	0.99	0.99	1.0	1.0
BYS2-E03	VPS68	0.0	0.0	0.0	0.01	0.01	0.03	0.0	0.0	0.06	0.07	0.17	0.22
BYS2-E03	IRA2	0.01	0.01	0.0	0.0	0.02	0.03	0.02	0.17	0.17	0.35	0.52	0.71
BYS2-E03	GAL11	0.01	0.0	0.0	0.12	0.15	0.24	0.17	0.25	0.16	0.12	0.02	0.02
BYS2-E03	YOR114W	0.0	0.0	0.0	0.0	0.0	0.0	0.0	0.0	0.0	0.01	0.01	0.26
BYS2-E03	Intergenic	0.0	0.0	0.0	0.0	0.0	0.0	0.0	0.02	0.0	0.05	0.13	0.09
BYS2-E03	GAL4	0.01	0.0	0.0	0.0	0.05	0.08	0.1	0.08	0.11	0.02	0.04	0.0
BYS2-E03	YPR117W	0.0	0.0	0.0	0.0	0.0	0.01	0.0	0.01	0.02	0.03	0.08	0.33
BYS2-E03	Intergenic	0.0	0.0	0.01	0.06	0.06	0.06	0.11	0.13	0.16	0.22	0.27	0.27
BYS2-E04	Intergenic	0.01	0.0	0.03	0.11	0.21	0.11	0.14	0.06	0.05	0.0	0.0	0.0
BYS2-E04	YBR241C	0.01	0.01	0.01	0.0	0.01	0.0	0.01	0.12	0.11	0.08	0.16	0.05
BYS2-E04	YDL180W	0.0	0.0	0.0	0.0	0.0	0.0	0.0	0.03	0.1	0.21	0.19	0.45
BYS2-E04	PUS9	0.0	0.0	0.0	0.03	0.07	0.19	0.11	0.02	0.02	0.0	0.0	0.0
BYS2-E04	GPR1	0.0	0.0	0.0	0.0	0.0	0.0	0.0	0.0	0.0	0.01	0.02	0.36
BYS2-E04	STE5	0.0	0.0	0.0	0.0	0.0	0.02	0.07	0.26	0.39	0.32	0.28	0.12
BYS2-E04	HKR1	0.0	0.02	0.16	0.88	0.92	1.0	1.0	1.0	1.0	1.0	0.99	0.99
BYS2-E04	UBP3	0.0	0.01	0.0	0.02	0.0	0.01	0.02	0.08	0.16	0.16	0.12	0.07
BYS2-E04	GCN1	0.0	0.0	0.07	0.78	0.92	1.0	1.0	1.0	1.0	1.0	1.0	0.98
BYS2-E04	YUR1	0.0	0.0	0.09	0.83	0.95	0.99	0.99	1.0	0.98	0.98	1.0	1.0
BYS2-E04	APN1	0.0	0.0	0.0	0.0	0.0	0.0	0.0	0.0	0.01	0.05	0.08	0.15
BYS2-E04	Intergenic	0.0	0.0	0.0	0.0	0.0	0.0	0.01	0.0	0.01	0.0	0.01	0.34
BYS2-E04	Intergenic	0.0	0.0	0.0	0.0	0.0	0.0	0.0	0.1	0.17	0.39	0.68	0.9
BYS2-E04	YNL207W	0.0	0.0	0.08	0.8	0.96	0.99	1.0	1.0	0.97	0.99	1.0	0.99
BYS2-E04	DMA2	0.0	0.0	0.18	0.85	0.94	1.0	1.0	1.0	0.99	0.98	1.0	0.98
BYS2-E04	WHI2	0.0	0.0	0.0	0.0	0.0	0.0	0.0	0.13	0.17	0.53	0.55	0.94
BYS2-E04	Intergenic	0.0	0.0	0.04	0.92	0.97	1.0	1.0	1.0	0.98	1.0	1.0	1.0
BYS2-E04	LEO1	0.0	0.0	0.0	0.01	0.01	0.0	0.01	0.08	0.12	0.17	0.17	0.04
BYS2-E04	Intergenic	0.01	0.0	0.0	0.03	0.05	0.05	0.05	0.43	0.39	0.29	0.25	0.2
BYS2-E04	Intergenic	0.0	0.02	0.18	0.82	0.93	0.98	1.0	1.0	0.95	1.0	1.0	0.98
BYS2-E04	Intergenic	0.0	0.0	0.0	0.0	0.0	0.0	0.01	0.02	0.1	0.17	0.16	0.57
BYS2-E04	KRE6	0.0	0.0	0.15	0.12	0.04	0.03	0.01	0.01	0.0	0.0	0.0	0.0
RMB1-A02	LTE1	0.0	0.0	0.0	0.0	0.0	0.01	0.05	0.16	0.21	0.18	0.24	0.12
RMB1-A02	IRA1	0.01	0.0	0.0	0.16	0.85	0.97	0.97	0.99	1.0	1.0	1.0	1.0
RMB1-A02	DHH1	0.0	0.0	0.01	0.0	0.03	0.17	0.21	0.21	0.18	0.06	0.35	0.26
RMB1-A02	Intergenic	0.0	0.0	0.0	0.0	0.02	0.1	0.18	0.19	0.18	0.25	0.29	0.25
RMB1-A02	YSP2	0.0	0.0	0.0	0.0	0.0	0.01	0.06	0.16	0.25	0.06	0.03	0.02
RMB1-A02	Intergenic	0.0	0.01	0.0	0.0	0.0	0.01	0.02	0.1	0.16	0.05	0.01	0.0
RMB1-A02	PTP3	0.0	0.0	0.0	0.0	0.01	0.04	0.07	0.13	0.19	0.26	0.14	0.14
RMB1-A02	OLE1	0.0	0.0	0.01	0.01	0.0	0.01	0.01	0.14	0.17	0.3	0.19	0.15
RMB1-A02	HOP2	0.0	0.0	0.0	0.01	0.0	0.01	0.08	0.12	0.2	0.07	0.24	0.17
RMB1-A02	Intergenic	0.01	0.0	0.0	0.0	0.0	0.0	0.0	0.13	0.15	0.26	0.1	0.1
RMB1-A02	Intergenic	0.0	0.0	0.0	0.0	0.23	0.28	0.38	0.34	0.49	0.54	0.66	0.66
RMB1-A02	YGR266W	0.0	0.0	0.0	0.0	0.02	0.03	0.14	0.16	0.17	0.09	0.06	0.02
RMB1-A02	TAF1	0.0	0.0	0.0	0.01	0.0	0.06	0.08	0.1	0.19	0.1	0.27	0.25
RMB1-A02	Intergenic	0.0	0.0	0.0	0.0	0.01	0.0	0.0	0.04	0.13	0.2	0.41	0.47
RMB1-A02	ASG1	0.0	0.0	0.0	0.0	0.3	0.43	0.3	0.08	0.01	0.08	0.05	0.03
RMB1-A02	RPL17B	0.0	0.0	0.0	0.15	0.84	0.98	1.0	1.0	1.0	0.99	1.0	0.99
RMB1-A02	Intergenic	0.0	0.0	0.32	0.19	0.19	0.0	0.0	0.0	0.0	0.0	0.01	0.0
RMB1-A02	YKL105C	0.0	0.0	0.0	0.0	0.0	0.01	0.0	0.04	0.12	0.33	0.45	0.42
RMB1-A02	UTH1	0.0	0.0	0.0	0.0	0.01	0.0	0.03	0.04	0.12	0.37	0.35	0.49
RMB1-A02	SSK1	0.0	0.07	0.88	1.0	1.0	0.99	1.0	1.0	1.0	1.0	1.0	1.0
RMB1-A02	CCW12	0.0	0.0	0.0	0.0	0.0	0.0	0.0	0.15	0.13	0.14	0.13	0.07
RMB1-A02	ACE2	0.0	0.01	0.77	0.97	0.98	0.97	0.97	0.99	0.97	0.94	0.99	0.97
RMB1-A02	TUS1	0.01	0.0	0.0	0.0	0.0	0.0	0.02	0.08	0.1	0.09	0.31	0.26
RMB1-A02	ECM5	0.0	0.0	0.0	0.0	0.0	0.0	0.03	0.1	0.14	0.42	0.38	0.52
RMB1-A02	PDR16	0.01	0.0	0.0	0.0	0.23	0.25	0.39	0.45	0.59	0.6	0.61	0.83
RMB1-A02	MLS1	0.0	0.0	0.0	0.01	0.01	0.0	0.11	0.1	0.25	0.29	0.14	0.24
RMB1-A02	CYB5	0.0	0.07	0.9	0.97	0.99	0.97	0.97	0.97	0.97	1.0	0.98	1.0
RMB1-A02	LCB4	0.0	0.0	0.0	0.06	0.14	0.35	0.46	0.55	0.64	0.66	0.77	0.81
RMB1-A02	HEM15	0.0	0.0	0.0	0.01	0.0	0.0	0.02	0.06	0.13	0.21	0.21	0.23
RMB1-A02	WTM2	0.0	0.0	0.0	0.0	0.0	0.0	0.0	0.0	0.01	0.01	0.08	0.1
RMB1-A02	PRE10	0.0	0.0	0.0	0.0	0.11	0.09	0.08	0.05	0.02	0.0	0.0	0.0
RMB1-A02	NVJ2	0.0	0.0	0.86	0.97	1.0	1.0	1.0	1.0	1.0	1.0	0.99	1.0
RMB2-B10	Intergenic	0.0	0.0	0.0	0.0	0.0	0.0	0.03	0.05	0.21	0.26	0.19	0.16
RMB2-B10	ROT2	0.0	0.0	0.0	0.0	0.0	0.0	0.0	0.0	0.0	0.01	0.05	0.18
RMB2-B10	Intergenic	0.0	0.0	0.0	0.0	0.0	0.0	0.0	0.0	0.01	0.03	0.04	0.12
RMB2-B10	UTR2	0.0	0.0	0.0	0.01	0.0	0.0	0.03	0.06	0.12	0.16	0.17	0.08
RMB2-B10	PKP2	0.0	0.0	0.0	0.13	0.32	0.55	0.57	0.55	0.77	0.68	0.7	0.65
RMB2-B10	SIM1	0.0	0.0	0.01	0.02	0.05	0.13	0.07	0.06	0.08	0.1	0.03	0.01
RMB2-B10	Intergenic	0.0	0.0	0.68	0.43	0.11	0.03	0.07	0.11	0.07	0.1	0.06	0.22
RMB2-B10	YUR1	0.0	0.0	0.05	0.23	0.41	0.49	0.41	0.32	0.18	0.09	0.0	0.06
RMB2-B10	YLR345W	0.0	0.0	0.0	0.0	0.0	0.0	0.0	0.17	0.01	0.0	0.0	0.01
RMB2-B10	STE11	0.0	0.0	0.0	0.03	0.22	0.37	0.39	0.69	0.31	0.15	0.29	0.22
RMB2-B10	ATR1	0.0	0.0	0.03	0.13	0.2	0.27	0.33	0.22	0.12	0.1	0.14	0.02
RMB2-B10	GAT2	0.0	0.0	0.07	0.13	0.36	0.32	0.47	0.58	0.6	0.7	0.69	0.62
RMB2-B10	BCH1	0.0	0.0	0.04	0.15	0.44	0.48	0.44	0.47	0.72	0.77	0.66	0.54
RMB2-B10	YKU70	0.0	0.0	0.0	0.0	0.0	0.0	0.0	0.0	0.0	0.01	0.07	0.26
RMB2-B10	BOR1	0.0	0.01	0.55	0.58	0.15	0.09	0.02	0.03	0.05	0.11	0.11	0.21
RMB2-B10	VPS75	0.0	0.04	0.7	0.4	0.14	0.1	0.06	0.06	0.05	0.11	0.21	0.27
RMB2-B10	RIA1	0.0	0.0	0.0	0.0	0.0	0.0	0.0	0.0	0.01	0.03	0.11	0.28
RMB2-B10	YOL087C	0.0	0.0	0.0	0.0	0.0	0.0	0.0	0.0	0.0	0.02	0.02	0.27
RMB2-B10	YOL036W	0.0	0.0	0.0	0.09	0.53	0.5	0.43	0.59	0.69	0.71	0.79	0.72
RMB2-B10	SFL1	0.0	0.0	0.0	0.0	0.0	0.0	0.0	0.12	0.42	0.53	0.45	0.44
RMB2-B10	PDR5	0.0	0.03	0.55	0.57	0.18	0.06	0.06	0.08	0.06	0.11	0.15	0.41
RMB2-B10	PTP2	0.0	0.0	0.0	0.0	0.0	0.0	0.0	0.0	0.02	0.05	0.08	0.27
RMB2-B10	Intergenic	0.0	0.0	0.02	0.0	0.0	0.0	0.0	0.0	0.0	0.03	0.05	0.22
RMB2-B10	KRE5	0.0	0.0	0.04	0.07	0.41	0.39	0.44	0.52	0.67	0.8	0.63	0.55
RMB2-B10	PDE2	0.0	0.0	0.0	0.09	0.16	0.35	0.41	0.34	0.12	0.16	0.11	0.09
RMB2-B10	Intergenic	0.0	0.0	0.0	0.0	0.0	0.0	0.0	0.0	0.01	0.01	0.05	0.3
RMB2-B10	DPB2	0.0	0.0	0.0	0.0	0.0	0.0	0.0	0.02	0.07	0.19	0.17	0.17
RMB2-D08	ECM33	0.0	0.0	0.0	0.0	0.0	0.02	0.12	0.15	0.43	0.64	0.56	0.75
RMB2-D08	IRA1	0.0	0.0	0.0	0.0	0.03	0.02	0.17	0.38	0.34	0.13	0.31	0.18
RMB2-D08	ROT2	0.0	0.0	0.06	0.06	0.08	0.06	0.12	0.17	0.4	0.57	0.53	0.62
RMB2-D08	RAV2	0.0	0.0	0.0	0.0	0.0	0.02	0.15	0.41	0.36	0.25	0.29	0.18
RMB2-D08	Intergenic	0.0	0.0	0.0	0.0	0.0	0.0	0.0	0.0	0.02	0.03	0.05	0.19
RMB2-D08	MGA1	0.0	0.01	0.02	0.0	0.0	0.02	0.15	0.4	0.29	0.18	0.33	0.21
RMB2-D08	SEC6	0.0	0.0	0.34	0.88	0.83	0.9	0.66	0.29	0.12	0.02	0.05	0.0
RMB2-D08	SET2	0.0	0.0	0.0	0.0	0.0	0.0	0.06	0.01	0.05	0.1	0.07	0.13
RMB2-D08	SRY1	0.0	0.0	0.0	0.0	0.0	0.0	0.0	0.0	0.01	0.02	0.08	0.11
RMB2-D08	STE6	0.0	0.0	0.0	0.0	0.0	0.0	0.13	0.38	0.34	0.23	0.32	0.14
RMB2-D08	ACE2	0.0	0.0	0.0	0.0	0.0	0.0	0.0	0.0	0.0	0.03	0.05	0.2
RMB2-D08	FKS1	0.0	0.0	0.29	0.89	0.97	0.9	0.76	0.37	0.13	0.05	0.08	0.01
RMB2-D08	Intergenic	0.0	0.0	0.04	0.0	0.0	0.0	0.2	0.32	0.4	0.22	0.3	0.21
RMB2-D08	HFD1	0.01	0.0	0.0	0.0	0.0	0.0	0.02	0.05	0.07	0.13	0.11	0.07
RMB2-D08	EOS1	0.0	0.0	0.01	0.0	0.02	0.0	0.11	0.21	0.4	0.54	0.59	0.8
RMB2-D08	LAG2	0.0	0.0	0.0	0.02	0.0	0.06	0.1	0.28	0.23	0.21	0.17	0.13
RMB2-D08	WHI2	0.0	0.0	0.0	0.0	0.0	0.0	0.09	0.2	0.4	0.67	0.51	0.78
RMB2-D08	STE4	0.0	0.0	0.03	0.0	0.0	0.06	0.1	0.32	0.29	0.19	0.3	0.22
RMB2-D08	YOR389W	0.01	0.0	0.08	0.03	0.01	0.04	0.09	0.11	0.24	0.36	0.35	0.39
RMB2-D08	Intergenic	0.03	0.03	0.0	0.03	0.04	0.0	0.06	0.07	0.14	0.26	0.31	0.44
RMB2-D08	Intergenic	0.0	0.0	0.04	0.18	0.16	0.0	0.07	0.02	0.01	0.01	0.0	0.0
RMB2-D08	Intergenic	0.0	0.01	0.02	0.01	0.01	0.01	0.07	0.1	0.18	0.4	0.34	0.49
RMB2-D08	Intergenic	0.0	0.0	0.01	0.0	0.0	0.01	0.06	0.08	0.43	0.6	0.56	0.62
RMB2-D08	D protein	0.0	0.0	0.09	0.21	0.26	0.24	0.16	0.06	0.03	0.01	0.0	0.0
RMB2-F01	ECM21	0.0	0.0	0.07	0.76	1.0	1.0	1.0	1.0	1.0	1.0	1.0	1.0
RMB2-F01	YBL059W	0.0	0.01	0.0	0.0	0.0	0.01	0.0	0.0	0.0	0.01	0.07	0.25
RMB2-F01	EDE1	0.0	0.0	0.0	0.0	0.0	0.0	0.01	0.28	0.84	1.0	1.0	1.0
RMB2-F01	Intergenic	0.02	0.05	0.06	0.06	0.06	0.12	0.02	0.33	0.71	0.71	0.79	0.59
RMB2-F01	FLR1	0.03	0.03	0.05	0.0	0.03	0.02	0.04	0.07	0.28	0.28	0.24	0.08
RMB2-F01	IRA1	0.0	0.0	0.0	0.0	0.01	0.62	0.81	0.99	1.0	1.0	1.0	0.99
RMB2-F01	Intergenic	0.0	0.0	0.0	0.0	0.0	0.0	0.0	0.0	0.05	0.03	0.17	0.3
RMB2-F01	ENP1	0.0	0.0	0.0	0.0	0.0	0.0	0.01	0.0	0.0	0.0	0.09	0.16
RMB2-F01	QRI1	0.0	0.01	0.0	0.03	0.04	0.64	0.86	1.0	1.0	1.0	1.0	1.0
RMB2-F01	YPR1	0.0	0.0	0.0	0.0	0.0	0.0	0.0	0.09	0.17	0.32	0.3	0.16
RMB2-F01	PUF6	0.02	0.0	0.01	0.23	0.29	0.09	0.01	0.0	0.0	0.0	0.0	0.0
RMB2-F01	Intergenic	0.0	0.01	0.02	0.71	0.96	1.0	1.0	1.0	1.0	1.0	1.0	1.0
RMB2-F01	Intergenic	0.0	0.0	0.0	0.01	0.0	0.01	0.0	0.0	0.06	0.11	0.34	0.54
RMB2-F01	Intergenic	0.0	0.0	0.0	0.0	0.0	0.0	0.02	0.25	0.67	0.72	0.62	0.89
RMB2-F01	Intergenic	0.02	0.0	0.0	0.68	0.99	0.99	0.99	1.0	1.0	1.0	1.0	0.98
RMB2-F01	VID30	0.0	0.15	0.14	0.71	1.0	1.0	0.99	1.0	1.0	1.0	1.0	1.0
RMB2-F01	Intergenic	0.0	0.0	0.0	0.0	0.0	0.0	0.0	0.0	0.12	0.06	0.04	0.0
RMB2-F01	Intergenic	0.04	0.02	0.03	0.07	0.0	0.06	0.0	0.21	0.84	0.8	0.85	0.79
RMB2-F01	HIP1	0.0	0.0	0.0	0.0	0.0	0.0	0.01	0.28	0.95	1.0	1.0	0.99
RMB2-F01	Intergenic	0.01	0.0	0.0	0.0	0.0	0.0	0.0	0.0	0.0	0.01	0.02	0.17
RMB2-F01	SEC6	0.0	0.0	0.0	0.0	0.0	0.0	0.2	0.2	0.25	0.26	0.24	0.24
RMB2-F01	Intergenic	0.0	0.0	0.0	0.0	0.02	0.62	0.96	0.98	1.0	1.0	1.0	0.99
RMB2-F01	DCW1	0.02	0.0	0.0	0.0	0.0	0.0	0.01	0.22	0.9	1.0	0.99	1.0
RMB2-F01	Intergenic	0.0	0.0	0.0	0.0	0.0	0.01	0.05	0.23	0.91	1.0	0.99	1.0
RMB2-F01	Intergenic	0.0	0.21	0.1	0.77	0.98	1.0	1.0	1.0	1.0	0.98	0.98	1.0
RMB2-F01	ACE2	0.0	0.01	0.0	0.65	1.0	0.98	1.0	1.0	0.99	1.0	1.0	1.0
RMB2-F01	STE11	0.0	0.0	0.0	0.0	0.0	0.0	0.0	0.0	0.04	0.13	0.4	0.47
RMB2-F01	TDA9	0.0	0.0	0.0	0.0	0.0	0.01	0.0	0.26	0.75	1.0	1.0	0.99
RMB2-F01	PSE1	0.0	0.01	0.08	0.81	0.99	0.99	1.0	1.0	1.0	1.0	1.0	0.99
RMB2-F01	ZWF1	0.0	0.0	0.0	0.7	0.99	0.99	0.99	1.0	1.0	1.0	1.0	1.0
RMB2-F01	Intergenic	0.0	0.0	0.0	0.02	0.05	0.02	0.04	0.03	0.14	0.11	0.05	0.04
RMB2-F01	SMF1	0.0	0.0	0.0	0.0	0.0	0.01	0.02	0.32	0.81	1.0	1.0	1.0
RMB2-F01	GAL11	0.0	0.0	0.0	0.0	0.0	0.0	0.03	0.23	0.93	1.0	1.0	0.99
RMB2-F01	Intergenic	0.0	0.01	0.0	0.0	0.0	0.0	0.0	0.02	0.01	0.03	0.05	0.14
RMB2-F01	TOP1	0.0	0.0	0.0	0.13	0.06	0.01	0.0	0.02	0.0	0.0	0.0	0.0
RMB2-F01	PRT1	0.0	0.0	0.0	0.0	0.0	0.01	0.0	0.0	0.0	0.0	0.05	0.21
RMB2-F01	Intergenic	0.0	0.0	0.0	0.0	0.0	0.0	0.0	0.0	0.16	0.13	0.02	0.0
RMB2-F09	IRA1	0.0	0.0	0.0	0.0	0.0	0.08	0.17	0.26	0.46	0.53	0.4	0.07
RMB2-F09	MAL33	0.01	0.0	0.0	0.0	0.0	0.0	0.02	0.0	0.01	0.02	0.26	0.45
RMB2-F09	Intergenic	0.01	0.0	0.0	0.03	0.03	0.08	0.18	0.41	0.39	0.61	0.24	0.17
RMB2-F09	Intergenic	0.01	0.0	0.0	0.0	0.07	0.31	0.5	0.33	0.15	0.12	0.42	0.71
RMB2-F09	Intergenic	0.0	0.0	0.0	0.0	0.0	0.0	0.0	0.0	0.0	0.01	0.03	0.14
RMB2-F09	BEM2	0.0	0.0	0.0	0.01	0.09	0.28	0.41	0.57	0.36	0.29	0.64	0.87
RMB2-F09	MSB2	0.0	0.47	0.16	0.06	0.11	0.06	0.03	0.0	0.0	0.0	0.0	0.0
RMB2-F09	STE12	0.0	0.0	0.26	0.35	0.2	0.42	0.64	0.48	0.44	0.34	0.7	0.87
RMB2-F09	Intergenic	0.0	0.0	0.0	0.0	0.0	0.03	0.06	0.17	0.28	0.32	0.25	0.03
RMB2-F09	SCP160	0.0	0.0	0.0	0.0	0.0	0.0	0.02	0.04	0.05	0.06	0.3	0.63
RMB2-F09	PEP8	0.0	0.0	0.0	0.0	0.0	0.19	0.54	0.53	0.43	0.28	0.59	0.87
RMB2-F09	Intergenic	0.0	0.0	0.0	0.11	0.1	0.04	0.04	0.04	0.0	0.01	0.03	0.03
RMB2-F09	ACE2	0.02	0.01	0.0	0.0	0.0	0.0	0.0	0.0	0.0	0.0	0.15	0.42
RMB2-F09	YLR241W	0.0	0.0	0.0	0.0	0.01	0.0	0.02	0.0	0.06	0.08	0.45	0.78
RMB2-F09	FKS1	0.01	0.06	0.79	0.93	0.85	0.93	0.99	0.99	0.97	1.0	1.0	1.0
RMB2-F09	GYL1	0.0	0.0	0.0	0.0	0.02	0.0	0.0	0.0	0.0	0.01	0.21	0.46
RMB2-F09	HFA1	0.0	0.0	0.0	0.0	0.0	0.0	0.0	0.0	0.02	0.0	0.24	0.5
RMB2-F09	SNF12	0.0	0.0	0.0	0.0	0.0	0.22	0.29	0.24	0.28	0.13	0.53	0.76
RMB2-F09	IRA2	0.0	0.0	0.0	0.0	0.04	0.27	0.64	0.56	0.5	0.25	0.57	0.84
RMB2-F09	RPO31	0.0	0.0	0.0	0.0	0.0	0.0	0.02	0.1	0.12	0.08	0.01	0.03
RMB2-F09	PDR5	0.18	0.67	0.96	0.99	1.0	0.99	1.0	1.0	1.0	1.0	1.0	1.0
RMB2-F09	KEL3	0.0	0.0	0.0	0.0	0.0	0.02	0.05	0.09	0.06	0.08	0.51	0.75
RMB2-F09	Intergenic	0.0	0.0	0.16	0.27	0.37	0.43	0.57	0.58	0.43	0.45	0.73	0.91
RMS1-D12	Intergenic	0.02	0.01	0.0	0.01	0.01	0.01	0.05	0.17	0.24	0.56	0.89	0.92
RMS1-D12	IRA1	0.0	0.0	0.0	0.0	0.07	0.53	0.82	0.78	0.93	0.98	0.99	1.0
RMS1-D12	ROT2	0.0	0.41	0.63	0.73	0.86	0.99	0.98	1.0	1.0	0.99	1.0	1.0
RMS1-D12	GYP7	0.01	0.0	0.0	0.0	0.0	0.0	0.0	0.01	0.04	0.1	0.12	0.07
RMS1-D12	TRM3	0.0	0.0	0.0	0.0	0.01	0.0	0.01	0.0	0.01	0.11	0.07	0.12
RMS1-D12	Intergenic	0.0	0.09	0.06	0.16	0.24	0.56	0.87	0.81	0.91	0.98	1.0	1.0
RMS1-D12	RGA2	0.0	0.0	0.0	0.0	0.0	0.14	0.19	0.26	0.53	0.71	0.94	0.9
RMS1-D12	NUP57	0.0	0.3	0.59	0.75	0.91	0.99	1.0	1.0	1.0	1.0	1.0	1.0
RMS1-D12	Intergenic	0.0	0.0	0.0	0.05	0.2	0.19	0.01	0.0	0.0	0.0	0.01	0.0
RMS1-D12	YHR045W	0.0	0.0	0.1	0.09	0.21	0.09	0.01	0.0	0.03	0.0	0.01	0.0
RMS1-D12	PFS1	0.0	0.0	0.0	0.0	0.0	0.1	0.21	0.14	0.11	0.02	0.0	0.02
RMS1-D12	Intergenic	0.0	0.0	0.0	0.0	0.0	0.0	0.01	0.06	0.14	0.22	0.38	0.29
RMS1-D12	YUR1	0.0	0.19	0.33	0.21	0.05	0.01	0.0	0.0	0.0	0.0	0.0	0.0
RMS1-D12	RPS4A	0.0	0.0	0.0	0.0	0.1	0.65	0.83	0.9	0.91	0.97	1.0	1.0
RMS1-D12	CAF4	0.0	0.0	0.0	0.0	0.01	0.06	0.16	0.24	0.43	0.67	0.97	0.97
RMS1-D12	SPT8	0.0	0.0	0.01	0.01	0.0	0.01	0.07	0.1	0.19	0.76	0.84	0.99
RMS1-D12	RCK2	0.0	0.0	0.04	0.02	0.22	0.13	0.0	0.01	0.0	0.0	0.0	0.01
RMS1-D12	MID2	0.0	0.0	0.0	0.0	0.0	0.0	0.01	0.16	0.29	0.64	0.86	0.89
RMS1-D12	YLR419W	0.0	0.0	0.0	0.0	0.0	0.15	0.12	0.09	0.1	0.04	0.0	0.0
RMS1-D12	Intergenic	0.0	0.0	0.0	0.0	0.0	0.0	0.0	0.01	0.01	0.12	0.15	0.09
RMS1-D12	RRP5	0.0	0.0	0.0	0.0	0.0	0.0	0.01	0.08	0.14	0.3	0.35	0.31
RMS1-D12	YNL190W	0.0	0.0	0.0	0.0	0.0	0.38	0.65	0.81	0.67	0.93	1.0	1.0
RMS1-D12	YOR093C	0.0	0.0	0.0	0.0	0.01	0.0	0.0	0.05	0.02	0.05	0.1	0.07
RMS1-D12	PDR5	0.15	0.64	0.96	1.0	1.0	1.0	1.0	1.0	1.0	1.0	1.0	1.0
RMS1-D12	ULS1	0.0	0.0	0.01	0.02	0.06	0.62	0.81	0.88	0.9	0.99	0.99	1.0
RMS1-D12	BTS1	0.0	0.0	0.0	0.0	0.0	0.0	0.0	0.03	0.03	0.15	0.14	0.16
RMS1-D12	Intergenic	0.0	0.0	0.0	0.0	0.0	0.0	0.07	0.08	0.17	0.65	0.89	0.92
RMS1-E09	RPG1	0.0	0.0	0.01	0.03	0.1	0.13	0.01	0.125	0.0	0.01	0.0	0.0
RMS1-E09	Intergenic	0.0	0.0	0.0	0.0	0.0	0.1	0.75	0.0625	1.0	1.0	1.0	1.0
RMS1-E09	ARA1	0.0	0.0	0.0	0.0	0.0	0.01	0.77	0.53125	1.0	1.0	1.0	1.0
RMS1-E09	PGK1	0.0	0.0	0.0	0.0	0.0	0.0	0.0	0.765625	0.09	0.38	0.48	0.51
RMS1-E09	Intergenic	0.0	0.0	0.0	0.0	0.01	0.1	0.76	0.4278125	1.0	1.0	1.0	1.0
RMS1-E09	Intergenic	0.0	0.0	0.06	0.07	0.06	0.11	0.02	0.71390625	0.0	0.02	0.02	0.0
RMS1-E09	ARO1	0.0	0.01	0.0	0.0	0.01	0.01	0.76	0.356953125	1.0	1.0	0.97	0.97
RMS1-E09	YDR186C	0.0	0.0	0.0	0.0	0.0	0.0	0.0	0.6784765625	0.28	0.52	0.41	0.48
RMS1-E09	Intergenic	0.0	0.0	0.0	0.0	0.0	0.05	0.75	0.47923828125	1.0	1.0	1.0	1.0
RMS1-E09	Intergenic	0.0	0.0	0.0	0.0	0.0	0.0	0.0	0.739619140625	0.02	0.39	0.6	0.53
RMS1-E09	CCC2	0.0	0.01	0.0	0.0	0.0	0.04	0.73	0.3798095703125	1.0	0.99	0.98	1.0
RMS1-E09	Intergenic	0.0	0.0	0.0	0.02	0.05	0.15	0.0	0.68990478515625	0.0	0.0	0.0	0.0
RMS1-E09	Intergenic	0.0	0.0	0.0	0.01	0.02	0.02	0.81	0.344952392578125	1.0	1.0	1.0	1.0
RMS1-E09	RML2	0.0	0.0	0.01	0.0	0.0	0.03	0.71	0.6724761962890625	1.0	0.99	1.0	1.0
RMS1-E09	ANP1	0.0	0.0	0.01	0.0	0.0	0.0	0.0	0.8362380981445312	0.24	0.5	0.46	0.43
RMS1-E09	PTC2	0.0	0.0	0.0	0.0	0.0	0.0	0.0	0.5381190490722656	0.1	0.41	0.43	0.49
RMS1-E09	Intergenic	0.0	0.0	0.0	0.0	0.0	0.02	0.04	0.3190595245361328	0.31	0.46	0.41	0.51
RMS1-E09	GAT1	0.0	0.0	0.0	0.0	0.0	0.0	0.0	0.3145297622680664	0.13	0.51	0.48	0.42
RMS1-E09	GCN1	0.0	0.0	0.04	0.08	0.22	0.25	0.0	0.2222648811340332	0.0	0.0	0.0	0.0
RMS1-E09	RME1	0.0	0.0	0.0	0.0	0.0	0.0	0.0	0.1111324405670166	0.29	0.54	0.54	0.48
RMS1-E09	APL6	0.0	0.0	0.0	0.0	0.01	0.03	0.73	0.2005662202835083	1.0	1.0	0.99	1.0
RMS1-E09	STE12	0.0	0.0	0.17	0.19	0.04	0.09	0.02	0.6002831101417542	0.0	0.0	0.01	0.0
RMS1-E09	MRS1	0.0	0.03	0.0	0.04	0.0	0.08	0.76	0.3001415550708771	1.0	1.0	1.0	0.99
RMS1-E09	PHO90	0.0	0.0	0.0	0.0	0.0	0.0	0.11	0.6500707775354385	0.33	0.38	0.62	0.76
RMS1-E09	MTR4	0.0	0.0	0.0	0.0	0.0	0.04	0.68	0.49003538876771924	0.99	1.0	0.98	1.0
RMS1-E09	HSL1	0.0	0.0	0.02	0.02	0.01	0.03	0.04	0.7400176943838597	0.09	0.42	0.52	0.51
RMS1-E09	YKL050C	0.0	0.01	0.0	0.0	0.01	0.1	0.71	0.4150088471919298	1.0	1.0	1.0	0.99
RMS1-E09	ACE2	0.0	0.0	0.0	0.0	0.0	0.0	0.01	0.7075044235959649	0.24	0.84	0.99	1.0
RMS1-E09	RED1	0.0	0.0	0.01	0.0	0.01	0.03	0.77	0.47375221179798244	0.97	1.0	1.0	0.99
RMS1-E09	YMR317W	0.0	0.03	0.05	0.01	0.0	0.05	0.69	0.7218761058989912	1.0	1.0	1.0	1.0
RMS1-E09	YOL019W	0.01	0.0	0.0	0.0	0.0	0.0	0.0	0.8609380529494957	0.0	0.38	0.52	0.41
RMS1-E09	Intergenic	0.0	0.0	0.0	0.0	0.0	0.0	0.01	0.43046902647474783	0.02	0.39	0.45	0.34
RMS1-E09	WHI2	0.0	0.0	0.0	0.01	0.0	0.07	0.81	0.22523451323737392	0.97	0.95	0.94	0.96
RMS1-E09	KTR1	0.0	0.0	0.0	0.14	0.08	0.04	0.0	0.5976172566186869	0.0	0.0	0.0	0.0
RMS1-E09	PDR5	0.13	0.27	0.49	0.87	0.9	0.97	1.0	0.29880862830934346	1.0	0.99	1.0	0.99
RMS1-E09	GLN4	0.01	0.0	0.0	0.0	0.0	0.0	0.0	0.6494043141546717	0.0	0.42	0.44	0.39
RMS1-E09	YOR228C	0.01	0.05	0.05	0.0	0.0	0.06	0.77	0.32470215707733585	0.99	0.99	1.0	1.0
RMS1-E09	GCD1	0.0	0.0	0.0	0.0	0.01	0.0	0.0	0.6573510785386679	0.36	0.38	0.46	0.48
RMS1-E09	YOR338W	0.0	0.0	0.0	0.0	0.0	0.0	0.03	0.508675539269334	0.24	0.5	0.51	0.5
RMS1-E09	FAS2	0.0	0.0	0.0	0.0	0.01	0.03	0.75	0.374337769634667	1.0	0.99	1.0	0.99
RMS1-G02	Intergenic	0.0	0.0	0.0	0.0	0.01	0.03	0.05	0.11	0.13	0.0	0.0	0.0
RMS1-G02	CDC24	0.0	0.0	0.0	0.0	0.0	0.01	0.0	0.1	0.11	0.14	0.09	0.03
RMS1-G02	IRA1	0.0	0.0	0.0	0.0	0.01	0.03	0.07	0.3	0.7	0.69	0.93	0.97
RMS1-G02	Intergenic	0.0	0.0	0.0	0.0	0.0	0.0	0.0	0.02	0.18	0.48	0.9	0.96
RMS1-G02	Intergenic	0.01	0.06	0.1	0.19	0.63	0.72	0.62	0.4	0.24	0.18	0.02	0.01
RMS1-G02	Intergenic	0.0	0.0	0.0	0.01	0.02	0.0	0.0	0.05	0.19	0.17	0.04	0.0
RMS1-G02	RDS1	0.0	0.0	0.01	0.01	0.01	0.0	0.02	0.29	0.62	0.81	0.85	0.91
RMS1-G02	COP1	0.0	0.0	0.02	0.0	0.02	0.03	0.09	0.35	0.72	0.81	0.9	0.95
RMS1-G02	NDE2	0.0	0.0	0.03	0.05	0.23	0.17	0.19	0.07	0.05	0.0	0.0	0.01
RMS1-G02	Intergenic	0.0	0.0	0.01	0.0	0.0	0.02	0.0	0.14	0.08	0.13	0.1	0.0
RMS1-G02	SEC7	0.0	0.0	0.0	0.0	0.01	0.0	0.01	0.08	0.22	0.14	0.04	0.0
RMS1-G02	Intergenic	0.0	0.0	0.0	0.0	0.0	0.0	0.0	0.0	0.2	0.5	0.87	0.98
RMS1-G02	VTC2	0.0	0.0	0.03	0.05	0.08	0.11	0.01	0.02	0.01	0.0	0.0	0.0
RMS1-G02	ADE6	0.0	0.0	0.0	0.0	0.0	0.0	0.0	0.11	0.18	0.09	0.03	0.03
RMS1-G02	Intergenic	0.0	0.0	0.0	0.02	0.04	0.04	0.04	0.12	0.13	0.07	0.05	0.0
RMS1-G02	YGR201C	0.0	0.0	0.02	0.0	0.01	0.06	0.16	0.36	0.71	0.81	0.95	0.99
RMS1-G02	YGR273C	0.01	0.0	0.01	0.0	0.0	0.0	0.0	0.01	0.06	0.26	0.32	0.28
RMS1-G02	STE12	0.0	0.0	0.0	0.0	0.0	0.0	0.0	0.0	0.26	0.52	0.9	0.9
RMS1-G02	YHR122W	0.0	0.02	0.04	0.28	0.67	0.77	0.78	0.43	0.28	0.15	0.07	0.0
RMS1-G02	KEL1	0.0	0.0	0.01	0.0	0.01	0.02	0.08	0.35	0.65	0.85	0.86	0.98
RMS1-G02	Intergenic	0.0	0.0	0.0	0.05	0.19	0.24	0.28	0.13	0.05	0.02	0.01	0.0
RMS1-G02	Intergenic	0.0	0.0	0.0	0.0	0.0	0.0	0.05	0.11	0.29	0.55	0.81	0.97
RMS1-G02	YUR1	0.0	0.0	0.0	0.0	0.0	0.0	0.0	0.0	0.14	0.51	0.75	0.92
RMS1-G02	NAP1	0.0	0.0	0.0	0.0	0.0	0.0	0.0	0.13	0.14	0.17	0.03	0.03
RMS1-G02	Intergenic	0.0	0.0	0.0	0.0	0.0	0.0	0.0	0.01	0.11	0.54	0.9	0.97
RMS1-G02	YLR413W	0.0	0.0	0.08	0.26	0.64	0.86	0.69	0.48	0.27	0.25	0.06	0.0
RMS1-G02	MOT3	0.0	0.0	0.02	0.22	0.62	0.77	0.69	0.33	0.32	0.08	0.07	0.02
RMS1-G02	YMR124W	0.0	0.0	0.0	0.0	0.01	0.04	0.08	0.3	0.71	0.75	0.86	0.95
RMS1-G02	NIP1	0.0	0.0	0.07	0.25	0.68	0.73	0.86	0.36	0.25	0.11	0.15	0.02
RMS1-G02	Intergenic	0.0	0.0	0.0	0.01	0.01	0.02	0.05	0.41	0.63	0.87	0.9	0.97
RMS1-G02	SIW14	0.0	0.0	0.0	0.0	0.0	0.0	0.0	0.0	0.03	0.0	0.1	0.1
RMS1-G02	COX11	0.0	0.0	0.0	0.0	0.0	0.0	0.0	0.02	0.27	0.49	0.83	0.96
RMS1-G02	SEC16	0.0	0.0	0.0	0.0	0.0	0.02	0.07	0.4	0.68	0.8	0.92	0.99
RMS1-G02	ATG11	0.0	0.0	0.0	0.0	0.0	0.04	0.04	0.27	0.74	0.8	0.89	0.99
RMS1-H08	HEK2	0.0	0.0	0.01	0.06	0.16	0.06	0.01	0.0	0.0	0.0	0.01	0.0
RMS1-H08	Intergenic	0.0	0.0	0.05	0.05	0.22	0.8	0.57	0.28	0.08	0.04	0.0	0.0
RMS1-H08	IRA1	0.0	0.0	0.0	0.01	0.02	0.11	0.38	0.72	0.94	0.99	1.0	0.97
RMS1-H08	Intergenic	0.0	0.0	0.0	0.0	0.0	0.08	0.32	0.66	0.94	1.0	1.0	1.0
RMS1-H08	NUP84	0.0	0.0	0.0	0.0	0.11	0.25	0.2	0.1	0.02	0.02	0.0	0.0
RMS1-H08	PAM1	0.0	0.0	0.0	0.03	0.24	0.65	0.65	0.23	0.06	0.01	0.0	0.0
RMS1-H08	Intergenic	0.0	0.0	0.0	0.16	0.13	0.06	0.0	0.0	0.0	0.0	0.0	0.01
RMS1-H08	Intergenic	0.0	0.0	0.0	0.0	0.0	0.0	0.0	0.0	0.0	0.01	0.08	0.69
RMS1-H08	INO80	0.01	0.0	0.0	0.03	0.03	0.05	0.45	0.7	0.97	0.98	0.99	1.0
RMS1-H08	Intergenic	0.01	0.0	0.04	0.19	0.33	0.13	0.01	0.0	0.0	0.01	0.0	0.0
RMS1-H08	NCP1	0.0	0.01	0.0	0.0	0.06	0.15	0.33	0.8	0.94	0.98	1.0	1.0
RMS1-H08	Intergenic	0.0	0.01	0.0	0.0	0.0	0.09	0.42	0.68	0.96	1.0	1.0	0.99
RMS1-H08	SET4	0.0	0.0	0.04	0.16	0.32	0.04	0.0	0.01	0.0	0.0	0.0	0.01
RMS1-H08	TEF4	0.0	0.0	0.01	0.0	0.0	0.0	0.0	0.0	0.0	0.0	0.09	0.73
RMS1-H08	SSP120	0.0	0.0	0.0	0.0	0.0	0.06	0.42	0.73	0.92	0.96	1.0	1.0
RMS1-H08	PEX30	0.0	0.01	0.0	0.0	0.0	0.0	0.0	0.0	0.0	0.01	0.1	0.77
RMS1-H08	STE11	0.0	0.0	0.0	0.02	0.12	0.57	0.65	0.25	0.04	0.01	0.0	0.0
RMS1-H08	Intergenic	0.0	0.01	0.01	0.03	0.23	0.67	0.56	0.2	0.04	0.03	0.0	0.0
RMS1-H08	FMP41	0.0	0.02	0.0	0.02	0.06	0.05	0.39	0.74	0.94	0.99	0.99	0.99
RMS1-H08	PSH1	0.01	0.0	0.0	0.01	0.04	0.07	0.34	0.78	0.93	0.98	0.99	0.99
RMS1-H08	SIN3	0.0	0.0	0.0	0.0	0.0	0.0	0.0	0.02	0.02	0.03	0.11	0.77
RMS1-H08	PDR5	0.16	0.39	0.61	0.69	0.51	0.0	0.0	0.0	0.0	0.0	0.0	0.0
RMS1-H08	Intergenic	0.0	0.0	0.0	0.08	0.22	0.79	0.68	0.25	0.07	0.03	0.0	0.0
RMS1-H08	HST2	0.01	0.0	0.01	0.0	0.01	0.0	0.04	0.0	0.04	0.02	0.19	0.72
RMS1-H08	KRE6	0.0	0.0	0.0	0.0	0.0	0.09	0.44	0.74	0.93	0.99	0.99	0.99
RMS1-H08	KRE6	0.0	0.0	0.0	0.04	0.23	0.69	0.53	0.23	0.02	0.01	0.0	0.0
RMS1-H08	Intergenic	0.08	0.0	0.07	0.05	0.22	0.63	0.52	0.5	0.12	0.11	0.0	0.0
RMS2-D09	Intergenic	0.0	0.0	0.0	0.0	0.0	0.01	0.02	0.01	0.04	0.06	0.23	0.32
RMS2-D09	AKL1	0.0	0.0	0.0	0.0	0.12	0.05	0.08	0.03	0.07	0.02	0.01	0.02
RMS2-D09	Intergenic	0.0	0.0	0.01	0.41	0.94	0.97	1.0	0.99	0.98	1.0	1.0	1.0
RMS2-D09	Intergenic	0.0	0.0	0.0	0.45	0.86	0.98	1.0	0.93	0.99	0.99	1.0	0.99
RMS2-D09	PDC2	0.0	0.0	0.0	0.0	0.0	0.0	0.0	0.0	0.02	0.04	0.07	0.12
RMS2-D09	SEC7	0.0	0.0	0.0	0.0	0.0	0.01	0.01	0.01	0.05	0.07	0.09	0.16
RMS2-D09	PAB1	0.01	0.0	0.0	0.0	0.0	0.04	0.02	0.13	0.11	0.27	0.2	0.23
RMS2-D09	Intergenic	0.0	0.0	0.0	0.01	0.02	0.01	0.04	0.1	0.1	0.19	0.38	0.51
RMS2-D09	CWH41	0.0	0.0	0.0	0.32	0.9	0.99	0.99	0.95	1.0	1.0	1.0	0.99
RMS2-D09	SNG1	0.0	0.0	0.0	0.0	0.02	0.01	0.02	0.04	0.09	0.12	0.24	0.4
RMS2-D09	Intergenic	0.0	0.02	0.01	0.14	0.12	0.01	0.0	0.01	0.0	0.01	0.0	0.0
RMS2-D09	Intergenic	0.0	0.01	0.02	0.38	0.92	0.96	0.99	0.98	0.99	0.99	0.99	0.99
RMS2-D09	FMP33	0.0	0.0	0.0	0.0	0.01	0.0	0.0	0.0	0.0	0.0	0.01	0.13
RMS2-D09	VPS53	0.0	0.01	0.01	0.0	0.0	0.02	0.1	0.06	0.14	0.04	0.03	0.05
RMS2-D09	STE18	0.0	0.0	0.0	0.0	0.01	0.01	0.05	0.09	0.09	0.23	0.36	0.58
RMS2-D09	SPE1	0.0	0.0	0.0	0.0	0.0	0.0	0.0	0.02	0.04	0.02	0.08	0.1
RMS2-D09	Intergenic	0.0	0.0	0.0	0.0	0.0	0.0	0.0	0.04	0.02	0.04	0.11	0.09
RMS2-D09	VPS13	0.01	0.04	0.11	0.09	0.01	0.0	0.0	0.0	0.0	0.0	0.0	0.01
RMS2-D09	PDC1	0.0	0.0	0.0	0.01	0.03	0.06	0.08	0.08	0.08	0.17	0.32	0.55
RMS2-D09	BUD8	0.0	0.0	0.0	0.0	0.02	0.02	0.07	0.06	0.14	0.14	0.36	0.55
RMS2-D09	ROT1	0.0	0.0	0.2	0.26	0.05	0.0	0.01	0.01	0.0	0.0	0.0	0.0
RMS2-D09	YMR253C	0.0	0.02	0.09	0.21	0.07	0.01	0.02	0.0	0.0	0.0	0.01	0.0
RMS2-D09	THO2	0.0	0.0	0.0	0.0	0.0	0.0	0.0	0.0	0.01	0.06	0.08	0.11
RMS2-D09	SWS2	0.01	0.0	0.0	0.0	0.01	0.02	0.02	0.08	0.12	0.29	0.14	0.08
RMS2-D09	ATG34	0.0	0.0	0.0	0.02	0.0	0.0	0.0	0.0	0.0	0.01	0.05	0.11
RMS2-D09	PDR5	0.13	0.17	0.41	0.58	0.08	0.01	0.0	0.0	0.0	0.0	0.0	0.0
